  3081
  3698
  9601
  9707
  2549
  6233
  9359
  9439
  8707
  5366
  6438
  4367
  1746
  1397
  1509
  1207
  6492
  3400
  2718
  2717
  9441
  8593
  8510
  2628
  5692
  8369
  5829
  2165
  8643
   820
  8907
  4016
  8026
  4412
   527
  7169
  7336
  9831
  6351
  2360
  5679
  9915
  5976
  7872
   937
  4258
  4101
  8343
  2560
  6567
  5736
  8885
  4965
  6115
  6497
  3455
  7231
  4591
  6711
  7506
  6391
  5157
  9315
     8
  6591
  4125
  9723
  8330
   783
  9569
  8897
  7348
  7355
   443
  2812
  6074
  7871
  2936
  9502
  3793
   767
  6267
  7663
  2229
  4016
  8069
   685
  7796
  4234
  8126
  9291
  8088
  9929
  1685
  5733
  3491
  3881
  4005
  2267
  7649
  8800
  5347
  9871
  3178
  9813
  8630
  6492
  3354
  2911
  1187
   641
  1259
  4350
  6596
  4100
  4780
  5474
  3678
   269
  9380
  6511
  6884
  5515
  5186
  8522
  5823
  5002
  8473
  4127
  7451
  9547
  7927
  3546
  9905
  1430
  1636
  5553
  7089
  3963
  7189
  6693
  7567
  9001
  2796
   858
  5175
  3241
  7016
  2383
  9423
  2469
  3913
  8096
  9354
  7621
  3460
  2119
  1645
  9212
  4532
  2042
  9222
  9294
  3616
  7253
  6980
  9749
  8699
  5622
  9164
  8263
  9906
  7737
  2053
  3542
   657
  6159
  1298
  2616
  1722
  5397
  9861
  3866
  5921
   173
  2299
  3553
  4784
  1538
  6035
  7268
  8049
  4138
  6544
  7843
  5499
   453
  8154
  4059
  5061
  9928
  2166
  5812
  4326
  2672
  7789
  7149
  2010
  2548
  2566
  4071
  5929
  2293
  2448
  5433
  1284
  5140
  2105
  5814
  5128
  8660
  4864
  6320
  9935
   363
  9252
  7539
  3720
  7553
  4039
  1881
  9418
  7521
  3368
  2679
  3019
  6455
  1848
  5720
  9159
  8506
  3764
  5806
   177
  1642
  9925
  6382
  9646
  4584
  8665
  1006
  7354
  7725
  2260
   155
  8323
  4335
   106
  4083
  2361
  6757
  8462
   104
  2100
  8767
  6212
  4301
  3167
  5376
  4752
  3158
  6700
  9807
  8960
   379
  1928
  4505
   751
  5226
   380
  4290
  4391
  7066
  6811
  7283
  6257
  2659
  6246
  8262
  3953
    64
  1783
  1182
  9090
  6866
  7732
  1334
   114
  9595
  7310
  5215
  2539
  7894
   937
  1894
  7059
  9715
  9413
  7730
  7069
  6711
  7015
  2795
  3675
  5485
  7093
  8962
  3104
  3011
  4019
  1973
  4747
   833
   426
   622
  1348
  4506
    57
  4478
  5899
  2689
  6912
  5301
  2293
  6466
  2525
  4964
  7565
  5881
  4317
  1415
  7904
  5084
  5919
  7212
  5963
  2176
  2465
  1967
  8238
  2443
  7094
  8308
  3845
  1143
  9285
  3150
  8565
   733
   583
  6557
  3757
  4224
  4237
  7402
  7598
   239
  6728
  3136
  4022
  4440
  5543
  7541
  5301
  7252
  4081
  9011
  4384
  4725
  6693
  8476
  8225
  5150
  4100
  1206
  9430
   425
   297
  1208
  4400
  7487
  5375
  4211
  8142
  8480
  2373
  2032
  9076
  2578
    62
  9934
  8029
  8907
  9589
   787
  2779
  1817
  4512
  9013
  2611
  9966
  4702
  6546
  8610
   447
  2543
  6785
  9491
  4628
  7901
  6021
   725
  4775
  9000
  7669
  3865
  7495
  6756
  6043
  1784
  9719
  7108
  4623
  4471
  5303
   694
    62
  5326
  1062
  7379
  8866
   932
  8965
  2056
  5670
  2940
  7793
  6091
  4349
  9263
  1824
  3081
  7370
  5519
  5119
  6202
  8623
  6272
  8739
  6943
  3159
  3482
  8987
  3699
  8763
  6410
  6129
   800
  9449
    62
  8860
  7739
  6630
  5805
  5075
  7023
  2809
  7215
  3205
  5627
  5109
  5299
  8414
  6921
  8505
  8749
  5384
  7990
  7906
  9335
  3810
  8613
  4302
  1231
  9928
   175
  1290
  4165
  6699
  3829
   216
  3819
  3498
  3246
  5392
  6293
  8629
  8460
  9784
  1108
  2863
   908
  5891
  4313
  9630
  4547
   795
  9725
  4963
  3788
  1705
  5131
  4146
  5969
  1810
  4066
  5489
  2085
  8709
  9094
  2312
  2769
  5212
  2791
  1000
  2387
  7012
  8990
  6315
  9745
   290
  9580
  7420
  2993
  3302
  1772
  4572
  4812
  7897
  4565
  9060
  4934
  9052
  7549
  5395
  9341
  7547
  6046
  4611
  1199
  2442
  9646
  2460
  6356
  3354
  6707
  3785
  5879
  7732
  8695
  9811
  1500
  9412
   466
  2222
  1892
  7560
  7786
  1331
  2369
   285
  8870
  5381
  8375
   196
  3345
  8637
  7270
  7212
  7539
   225
  4634
  4318
  2531
  4678
  7380
  9912
  6589
  8098
  8879
  6206
  8790
  4873
  2975
  3494
  3044
  4186
  6256
  8214
  1116
  5325
  9558
  1118
  7619
  4535
  6093
  8823
  4208
  9023
  3361
  7153
  9821
  9979
  2769
   453
  2510
  3908
  5701
  1457
  9221
  1755
  3670
   345
   501
  8895
  8220
  3878
  1614
  2198
  1713
  7985
  8909
  6651
  9312
  7548
  7118
  4199
  8256
  4485
  9745
  6908
  9482
  9226
  7791
  7655
  6680
  6322
  3576
  6147
   471
  2131
  6145
   926
  3431
  2029
  5024
  9920
  4884
  5740
  1224
  7450
  4365
  5605
  5879
  7303
  7228
  3169
  6062
  3847
   792
  9233
  8368
  6943
   271
  1048
  5534
  3772
  1570
  2144
   441
  3332
  3424
  9970
  8140
  5207
  3840
  4778
  9532
  1350
  2638
  6308
  6907
   977
  8899
  8910
  3626
   911
  2852
  2904
  8346
  6262
  1302
  1285
  8799
  8949
  4537
    63
  6106
  1220
  2943
  1239
   505
   155
  8562
  5834
  5036
   767
  8139
  4669
  2117
  4570
  9820
  7302
  7703
  2080
   159
  4698
  3790
  4909
  5197
  3183
  8123
  4948
  1484
  1842
  7113
  3147
    82
  9713
  8049
  9709
  9348
  7552
  3156
  4933
  9433
  1630
  8035
  9297
  8209
  9060
  5835
  9942
  1714
  1461
  3683
  9386
   995
  7078
  5671
  6385
   648
  2882
  7873
  7771
  7917
  7239
  2804
  6547
  9587
   280
  1020
  7217
  4000
  6644
  4239
  9292
  5379
  5726
  2620
  3372
  5121
  3880
   177
  9384
  8192
  5953
  3982
  7484
  8416
  6686
  2690
  7100
  2711
  9093
  6452
  1070
  3874
  9377
   957
  8473
  7295
  7490
  7718
  4770
  2049
  8380
  1373
  5330
  7287
  5842
   883
  6169
  6489
  1330
  8541
  4166
  6355
  4373
  6056
  7259
  2165
  4293
  3215
  2681
  6303
  9079
  2189
  8523
  6022
  3545
  7464
  1736
  8669
  1061
  9217
  7615
  3506
  2561
  3264
   961
  2303
  2137
  2014
  9670
  8449
  8723
  3307
  8594
   500
  5127
  7213
  2752
  1093
  1153
  4062
  9000
  9179
  2447
  2785
  7297
  1058
   633
  8383
  6348
  5708
  3880
  8536
  7337
  1993
  2168
  8351
  9595
  9306
  9138
  3728
  8625
  2936
   941
  3946
  9384
  3679
  3041
  2881
  9650
  8611
  7985
  7191
  5818
  7068
  7162
  3034
   278
  8334
  3021
  5007
  6878
  4550
  9775
  3624
  1389
  6083
  6570
  8167
  6061
  7361
   230
  6232
  6704
  4810
  1540
  6465
  9949
  2626
  3936
  9409
  9533
  2309
  7682
  4675
  4297
  6267
  2543
  1481
  5640
   197
   782
  9276
  2460
  5815
  7039
  1130
  3875
  5699
  4074
  1286
  1485
  6906
  4609
  9679
  3117
  3351
  1928
  5976
  7925
  6452
  6450
  2725
  7601
  5395
  1556
  8817
  3243
  2755
  8331
  6573
   737
  1916
  2004
  3990
  6503
  6581
   922
  5522
   598
  6473
   927
  2025
  8347
   534
  5493
  5528
  4200
  6538
  2838
   908
  3473
  1201
  6933
  8423
  6069
  4329
  5696
   616
  2903
  7892
  6266
  2556
  7329
  8612
  6204
  9941
  3350
  8254
  5584
  3478
  2334
  2506
  7126
  7171
  6461
  2500
   316
  9473
  5536
   594
  8527
  1169
  3341
  2821
  2522
  4107
  7654
  1998
   310
  2302
  5427
  3600
  5979
  6106
  5659
  1868
  2195
  4359
  3377
    53
  5659
  4870
  5916
  6765
  5537
  7188
  3609
  1330
  1069
  9651
  3641
  7933
  1787
  1629
  6702
  3613
  2515
  1151
  5701
  2122
  5074
  7090
  2289
   996
  4873
  5428
  9897
  2589
  3940
  8555
  1076
  2596
  7950
  6510
  7979
  3321
  9245
  8332
  8168
  6701
  2284
  5965
  5419
  2786
  6006
  9432
  4975
  8436
  9847
  6720
  3383
  4335
  8825
  6853
   279
  4867
  7772
   610
  8761
  4983
  2832
  8746
  1372
  4432
  4695
  3548
  3498
  1188
  4353
  3073
    23
  7168
  6412
   775
  7822
   805
  1075
  8125
  5333
  5297
  8781
  1098
  8178
  2542
  5340
  8107
  4829
  4995
  1389
   228
  2350
  6995
  4633
  5451
  5425
   847
   561
  9786
  5165
  8927
   782
  7761
  5471
  9090
  9781
   955
  6538
   644
  4313
  6254
  4807
  3857
  7347
   367
  2726
  6020
  2825
  3967
  1387
   452
  9130
  6439
  3215
  6319
  3698
  8422
  2817
  9478
  4880
   775
  3818
  1036
  6191
  4683
  1951
  5972
  4323
  2360
   385
  5894
   614
  2580
  6237
  7774
  6771
  8708
  2328
  4398
  7189
  6595
  6133
   843
   473
  8270
  9578
  8836
  1938
  7190
   616
  6118
  9296
  5085
  1016
    12
  6171
  4708
   817
  5704
  4163
  7229
  4507
  6616
  5421
  9987
  7871
  1589
  6772
  5628
  5444
  7078
  5228
  5741
  3416
  1893
  6806
  6859
  9465
  4115
  1110
   339
  1495
  2672
  3786
  6236
  8260
  5867
  3018
  4619
  5160
  4090
  7147
  2186
  9480
  9900
  2164
  5076
  3420
  2962
  1136
  6745
  2031
  5938
  3872
  1882
  5482
  9498
  2932
  6437
  5908
  7534
  8711
  8996
  8682
  6764
  2414
  7265
  1882
  4636
  8128
  5743
  2736
  9025
  5640
  6865
  5999
  2827
  3815
  3802
  4006
  2313
  9358
  9582
  6227
  3954
  4441
  1763
  6690
  1545
  2575
  2840
  5480
  7188
  6958
  3871
   513
  1769
  9898
  6556
  9620
  9384
  2265
  2436
   838
  2212
  5589
  7997
   770
  4525
  6355
  9393
   987
  7024
  1024
  3191
  6554
  2273
  7084
  5751
  1987
  4570
   823
  1132
  9385
  3012
  9334
  4225
  4556
  2689
  5374
  5713
  2895
  1076
  7174
  9541
   173
  6508
  1148
  4415
   316
  4113
  9282
  6046
  9005
  6962
  5371
  2399
  6978
  2299
   995
  7419
  9569
  6519
  6041
  2908
  9249
  2658
  5309
   923
  1136
  3794
  6918
  5383
  7937
  4185
  6683
  9750
  5536
  7525
  9818
  5570
  2103
  7248
  4560
  5258
  5830
  6524
  1847
  6539
  8190
  9385
  8542
   351
  7195
  3318
  2528
   663
  2856
   159
  5491
  1531
  2617
  9242
  9084
  6359
  8569
  2628
  1836
  8250
   931
  5884
  7008
  3953
  3652
  7013
  7389
  8540
  5072
  2642
  3034
   235
  8784
  3334
  6859
  3619
  9929
  9859
  8340
  9914
  4564
  9102
  3521
  3106
  8175
  4138
  2594
  9519
  7950
  6565
  6762
  6335
    86
   896
  3064
  4809
  4278
  6997
  2091
  1870
  9352
  4370
  9437
  4433
   532
  4330
  5710
  5530
  6691
  9492
  4622
  1488
  2512
  6866
  2501
  6613
   567
  3500
    18
  3342
  1459
  3702
  9099
  4687
  6812
  7998
  3239
  4362
  2097
  3959
  7760
  2814
  7980
  3660
  7531
  4683
   850
  9450
  2331
  4755
  3917
  4902
  6904
  6401
  9872
  3892
   304
  7600
  1467
  9327
  5402
  3676
  5188
  7188
  6923
  5950
  3701
  1966
  2337
  2946
  4715
  7047
  8661
  7961
  1961
  4905
  9466
  9060
  4663
   629
  4109
  2032
  3141
  8707
  7651
  3638
  6323
  7017
  8231
  8651
  1021
  3430
  6512
  4527
  2650
  2727
  6471
  1054
  7156
  3731
  7179
  7036
  8895
   951
  2348
  9392
  1869
  2107
  7064
  1804
  6018
   199
  1836
  8480
  1644
  7651
  3023
  6991
  7250
  2178
  8290
  9945
  3141
  4530
  6806
  5799
   966
  1920
  2726
  4682
  4739
  2165
   836
  6607
  9214
  7519
  8463
  4240
  7334
  8345
  9065
  3232
  6759
  3270
  4233
  8336
  6972
  3565
  9527
  2742
  4110
  7939
  4605
  5096
  5067
  7167
  2465
    89
   468
  2353
  5184
  4694
  8983
  4843
  7793
  2874
  3418
  8906
  8339
  6403
  1072
  1105
  2777
  8098
  2053
  3333
  8547
  6731
  1659
  3648
  5513
    97
  9498
  6729
  4550
  1615
  8014
  5434
  5538
  6779
  2270
  9022
  5493
  8434
  6384
  8442
   758
  8050
  3907
  5418
  5438
  3162
  7110
  3910
  3424
   684
  9734
  2608
  5169
  8124
  4581
   989
  6901
   112
  2773
   458
  7199
   949
  7199
   657
  3813
  7339
  2023
  7436
   897
  6106
  2409
  9671
  2372
   195
   394
  2838
  5371
  9705
  8276
  7842
  3799
  2039
  2237
  9570
  2716
  7927
  5238
  2469
  1061
  4942
  7418
  3957
  4974
  4958
  2147
   664
  2861
  9303
  9832
  3929
  1072
  7221
  1157
  3750
  8984
  1591
  6722
  8328
  5038
  1491
  2472
   249
  3389
  4394
  9377
  3712
  6963
  7795
  5500
  9045
  2407
  2864
  1722
  3383
  3429
  7232
   500
  2916
  4858
   499
  7013
  6122
  4461
  6351
  9385
  6671
     9
  7920
  9415
  3740
  7940
  3968
  8445
  2158
  6164
  4319
  1536
  7702
  1963
  5454
  7785
  4268
  5315
  2855
  8855
  5752
  9477
  9559
  9683
  6020
   965
  6439
   970
  9424
  7624
  3317
  5222
  6425
  2904
  7626
  5326
   238
  8733
  6541
  8287
  6475
  6154
   923
  2406
  2203
  9950
  8160
  1757
  5341
  6004
   711
  2330
  3489
  5530
  9918
  1714
  3389
  5580
  2163
  7539
  1935
  6180
  6871
  2294
  2529
  9548
  4119
  7882
  9915
  6553
  9429
  3690
  5294
  6134
  1989
  3827
  9358
  9330
  5197
  4337
  1822
  9461
  1269
  4737
  1505
  3369
  2454
  6290
  9903
  5702
  4822
  4833
  4254
  2370
  7745
  3814
  5388
  4653
  8062
  9235
  8854
  8551
  4564
  7059
  6654
  5211
  5723
  8068
   901
  2627
  7083
  6218
  4799
  3309
  9681
  9480
  3128
   823
  5365
  7107
  7697
  2299
   633
  8290
    81
  9949
  7414
  8381
  1932
  9982
  3698
  5242
  5486
   880
  2320
  6577
  5745
  6842
   579
  3462
  6844
   839
  6597
  7991
   816
  4057
  6376
  2472
   184
   800
  5273
  1145
   319
   680
  3070
  2586
  2558
  9141
  4011
  1652
  9589
  6780
  3378
  1859
  8667
  8575
  5729
  7192
   885
  3195
  7034
  6548
  2308
  6622
  7917
  4497
  1875
   956
  8565
  9480
  5713
  9655
  3171
  8581
  5024
  1490
   218
  8930
  1476
  6723
  5942
  3775
  9622
  2783
  1187
  4442
  7799
  6512
  6863
  8616
   580
  2456
  8647
  7543
  8427
  8815
  8883
  7537
  5812
  3733
  5819
  8828
  3867
  2504
  1877
   999
   927
  1401
  8507
  4527
   662
  2487
  2030
  5012
  1201
  3992
  7340
  8950
  8435
  8957
    38
  7117
   562
  1258
  8988
  8541
  4720
  2464
  6077
  1563
  9316
  8125
  9645
  8391
  5253
  3495
  3351
  9611
  1972
   345
  2414
  8822
  7342
  3791
  6537
  8540
  7874
  7574
  3923
  8038
  3715
  6878
  3676
  4853
  4395
  8892
  4421
  8237
  7460
  8814
   875
  9337
  2703
  7164
  8871
  4956
  3038
  4870
  6390
  3948
   229
  4717
  5469
  4303
  2903
  9029
  6107
  5271
  1023
  1433
  1042
  5430
  4800
  4666
  5088
  3782
  8883
  1896
   429
  1558
   240
  5183
  4017
  8492
  9619
  3696
  8679
  4492
  3200
  3222
  4136
  6874
  3071
  2860
  5347
  4254
  7373
  4837
  3545
  2250
  2424
  8241
  4136
  5857
  3315
  6457
  2364
  6129
  1298
  9370
  7728
  9909
  6115
  3078
  8909
   634
  9316
  6658
  4276
  7509
  6560
  3771
  5928
  6511
  4862
  6842
   336
  4709
  7179
  6524
  8543
   210
  2135
  2865
  6877
   665
  9156
  8145
  4092
  3779
  3395
   859
  4878
   371
  3927
    43
  4208
  8179
  8469
  6381
  1004
  4283
  7872
  9943
  9463
  6779
  2423
  4301
  7810
  3386
  2389
  8688
  7830
  3499
  7265
  7229
  5738
  2135
   608
  5813
  1493
  2684
  3724
  3278
  5710
    43
  1883
  3021
   322
  3376
  9060
  2224
  2068
  9108
  9920
  1159
  8650
  4393
  3139
  5528
  5109
  9939
  5937
  7899
  3846
  2120
  9591
  7933
  8144
  2509
  2900
  8590
  9924
  7540
  8661
  3727
  1441
  8589
  9111
  5571
  4087
  6444
  8206
  5597
  2132
  7339
  1026
  6471
  9680
  5778
  3389
  1351
  1184
  4167
  9935
  9343
  6463
   837
  7359
  6906
  5434
  6049
  9468
  6915
  5470
  2099
  8743
  1050
  6291
  9533
  5480
  3724
  2903
  6119
  8471
   827
  1319
  2559
  7968
  4289
  2995
  8968
  8379
  1369
  5687
  7078
  7122
  7863
  3500
  9770
  7344
  8072
  6904
  3750
  3492
  7924
  5926
  5489
  7231
  6916
  2317
  9166
  6424
  7815
   389
    57
  3369
  2446
  5750
  9421
  6230
  6306
  2068
  7917
  8768
  3396
  2459
  1429
  2057
  1906
  3203
  5851
  1901
   217
  8300
  9841
  4330
  5939
  3483
  7901
  5945
  6734
  3108
  4312
  8016
   285
  2571
  7063
   152
  3376
  9888
  1327
  8483
  7665
  6360
  6819
  1882
  1627
  4864
  3324
  5860
  7753
  2470
  3219
  5912
  9129
  4710
  5969
  6486
  8417
  7481
  9142
   927
  5251
  8171
  4260
  2249
  3928
  3274
  5818
  9878
  1652
  1531
  3864
  3563
  1798
   228
  8845
   378
  1640
  9177
  6866
  4088
  7489
  4845
  9549
   902
  6450
  5368
  7509
  8659
  7622
  3502
  5639
  8977
  6054
  5165
  4708
  5083
  3146
  4666
  5679
  8032
  1187
   936
  4472
  4987
  2189
  7066
  8483
  9496
  9859
  6634
   435
  7626
  8545
  6466
  8106
  5545
  8142
   931
  3806
  7227
  9693
  7794
  8056
   678
  7803
  1048
  4138
  8251
  7453
  9636
  4556
  1224
  2326
  7432
  1294
  6385
   531
  5716
  2492
  1415
  5454
  8632
  8507
  1859
  3049
  7528
  7784
  2240
   832
  2212
  8975
   667
  7977
  8495
  5641
  6579
   408
  5580
  3181
  5607
   545
  4867
  3817
  1565
  6639
  8192
  8198
  8935
   171
  9518
  1644
  4524
  2302
  1283
  5673
  8839
   540
  8881
  3347
   611
  9398
  5599
  8970
   303
  3216
  1168
  4694
  4547
  7053
  7447
  8007
  8876
   397
  8828
  9408
  2664
  2336
  8655
   371
  8875
  6111
  5400
  1901
   479
  4790
  9015
  4988
  5377
    18
  9081
  5250
  1389
  4898
  1472
  3267
  5938
  1815
  4771
  6108
  4364
  2500
  1911
  8846
  1183
  2174
  4130
  5397
  9901
  3893
  5512
  5496
  1204
  8700
  7518
   256
  7667
   426
  3047
  8129
  7335
  8649
  3939
  3652
  2454
  8624
  3808
  4126
   517
  1081
  5132
  2499
  9504
   847
  7808
  8768
  6090
  6377
   105
  3867
  5362
  9438
  2451
  5837
  1584
  1530
  9597
  5253
  5366
  8122
  4210
  7397
  4254
  4285
  3068
  1658
  4921
  6507
  4507
  1253
  6556
  4691
  2079
  1741
  9968
  4746
  8601
  4899
  7661
  7094
  7389
  8348
  7507
  8200
  1768
  5488
  3073
  1065
  3294
  6663
  9743
   599
  5436
  1239
  7219
  4361
  1717
  3884
  7856
  8449
  5626
  2058
  5444
  9368
  5524
   495
  5423
  1818
  7126
  3432
  2556
  7764
  4941
  8623
  8175
  4819
  8906
   752
  9268
  9263
   209
  1506
  9818
  1629
  4555
  2532
  6104
  6913
  6129
  6685
  1806
   143
  2379
  5968
  3791
  4778
  4060
   805
  2720
  6028
  2102
  3252
  9800
  5243
  3491
  6531
  1548
  7356
  9836
  7359
  3932
   752
  5706
  2979
  1652
  1185
  5402
  9691
  7385
  7672
  7048
  1696
  8941
   831
  6858
  6650
  8360
  1699
  8048
  3351
  1882
  7153
  4685
  5168
  2848
  2335
  2636
  3886
  8219
   302
  7705
  3164
   963
  9062
  2484
  8461
  5524
  1655
  5881
  9245
  8528
  2148
  9522
  1010
  1892
  3115
  1464
  1241
  2012
  1862
  6860
   772
  9984
  3808
  8752
   956
  2330
  5301
  2798
  1356
  9016
  1807
  6026
  3874
  1664
  8673
  5114
  3818
  2410
  6421
  8159
  6789
  4416
  2767
  2494
  1766
  3435
  4458
  4834
  4799
  5023
  8420
  2348
  9703
  6165
  4152
  7681
  2843
  5214
  3189
  2434
  1604
  3799
  5834
   468
   463
  1517
  1547
  2215
  3876
  6578
  3779
  3840
  5613
  1818
  1077
  5888
  3734
  5704
  5778
  4102
  6563
  8873
  3401
  4017
  1521
  3740
  7653
  3836
  7428
  4773
  9769
  3338
   182
  5471
  3504
  1631
  9081
  2301
  1720
  3222
  7497
  5141
  6026
  2847
  9987
  3536
  5512
  8785
  9820
  2035
  2335
  6604
  6077
   151
  5851
  9449
  1679
   833
  8733
  5138
     5
  3013
  6356
  9241
  7221
  1057
  5702
  3917
  6214
  8257
  6620
  5434
   170
  7138
  1856
  1659
  8859
  5325
   253
  7261
  7303
  2230
  6333
  7222
  7437
  7263
  8380
  8750
   806
  4580
  2467
  1137
   424
  9463
  4151
  9370
  4989
  7339
  9611
   869
  6068
  4675
  1230
  7174
  8191
  5513
  3095
  6089
  5495
   403
  5399
  2648
  2368
  2518
  7008
  3537
  4455
  3352
  3738
  5873
  9553
  2408
  9081
  3898
   306
   533
  2382
  3327
  4697
  4099
  3258
   347
   659
  6432
  3206
   136
  7727
  2506
  3932
   331
  8382
  2938
  7508
  7619
  7729
  1999
  6298
  9023
  9106
  5393
  4038
   667
  5959
   695
  5406
  1372
  6312
  4123
  1827
  4962
  7555
  4332
  7949
  4674
  3386
  6548
  7257
  6427
  1315
  8578
  3900
  1715
   773
  7533
  6960
  7886
  9191
  6787
  6840
  5329
  5333
  8428
  3215
  8455
   281
  4404
  8397
  4693
  7833
  1844
  6117
  1554
  4349
  8498
   951
  5254
  4328
  3653
  5519
  7610
  8186
  6988
  5036
  6871
  9396
  3538
  2956
  2546
  9076
  7636
  6799
   136
  9922
  8961
  2264
  3096
  2116
  3658
  1863
  7157
  7537
  2606
  2894
  3836
   508
  1351
  8103
  6354
  1661
  5770
  7318
  1847
  9457
  1390
  8725
   797
  7013
  2159
  7101
  7779
  3738
  5931
  7804
  6990
  1819
  5406
   402
  8943
  9484
  5400
  2977
  4000
  2714
  2331
  7707
  2395
  4773
  7098
  1203
  9537
  5159
  4970
  9609
  7845
  3209
  7349
  2787
  8775
  7684
  4790
  8318
  8459
  5677
  7919
  2284
   424
  9680
   945
  2047
  3859
   562
  1706
  6061
  3558
  7631
  3463
  4589
  3780
  1784
  2828
  5916
  1662
    56
  3515
  7086
  6064
  3471
  3020
  1086
  5786
  1646
   595
  7749
  4753
  7643
  1521
  7399
  7361
  7242
  7616
  7768
   487
  4429
  9169
   540
  2667
  5877
  7050
   836
  9331
  4179
  4465
  5325
  5735
  7408
  1291
  9869
  6703
  6636
  2245
  4570
  7943
  9489
  7066
    20
  3860
  7793
  6502
  8170
  3856
  5768
   512
  3969
  8364
  8375
  6236
  5502
  4053
  8365
   758
  7153
  8153
  5203
  9036
  5110
  6289
  8951
  8181
  5864
  5696
  9438
  5511
  1924
  9188
  2699
  6209
  4718
   773
  4267
  6762
  1441
  7044
  1168
  2461
  3068
  8008
  1608
  1760
  1101
  2967
  3090
  7645
  3943
  8152
  5506
  6480
   274
  1442
  5077
  3076
  1212
  6897
  3415
  7248
  8482
  8247
  9146
  6252
  5526
  1233
  6859
  3919
  2427
  1860
  1505
  4049
  3047
  3299
  5208
  6492
  2792
  4146
  8239
  8712
   757
  6523
  6128
  5341
  3453
  8626
  7847
  4296
  8926
  5414
  9375
  3556
  2502
  1646
  2692
  1400
  1517
  7843
  5379
  6490
  4239
  1269
  4039
  7904
  8770
  7301
  7313
  3850
  4990
  3300
  9650
  3925
  7423
  3157
  3804
  5136
  7057
  1074
  6136
  6678
  6420
  5650
  3027
  2399
  1198
  4465
  1789
  1560
   844
  6271
  5280
  3459
  4771
  6859
  1472
  7613
   552
  5948
  3395
  9754
  2174
  5137
   455
  5091
  4978
  2347
  9777
  9305
  9640
  8783
  5534
  1781
  3921
  7287
  5961
  2700
  7868
  9125
  4236
  5121
  1360
  6613
  5622
  6179
  3103
   615
  9648
  2383
  4227
   849
  7703
  5195
  7945
  8192
  1672
  2085
  4730
  3016
  4809
  3285
  6283
  7907
  2244
  5744
  6920
  2005
   791
  8156
  4104
  9995
  4748
  7648
  2134
  1499
  5804
  3386
  5576
  7311
  5417
  7456
  5112
  1689
  4016
  1778
  7920
  5401
  3789
  9169
  2654
  3059
  8485
  7982
  8611
  2481
  9594
   610
  7901
  4792
  4797
  2360
  6365
  3733
  8868
  3777
  6486
  3157
  9896
  5010
  6117
  8929
  4456
  4791
  8210
    41
  3699
  7451
  8378
  9448
  1982
  2443
  2708
  2348
  5844
  9754
  5777
  4801
  8013
  1022
  9510
  7071
   282
  1310
  6409
  1351
  3925
  5232
  7845
  7909
  6627
  9529
  5365
  3305
   912
  4164
  6739
  2139
   293
  8303
  2970
  3170
  7865
   201
  4717
  6572
  5587
  8999
    15
   100
  6664
  1629
  8201
   940
  1568
  1363
  5462
  4329
  5973
  8557
  2555
  1187
  9487
  9764
  2067
  3760
  2066
  3835
  8086
   652
  6400
  8686
  1845
  5583
  2980
  8000
  9186
  1988
   839
  3001
  1379
  5275
  7778
  8063
   609
  4654
  4373
  8918
  1626
  6739
  4101
  2927
  6817
  6378
  6434
  5179
  4755
  4826
   862
  2007
  8195
    12
   955
  4915
  7908
  1812
  2135
  3423
  1658
  2852
  1078
  7259
  1175
  7338
  4323
  7449
  9787
  3877
  9995
  5663
   148
  4363
  4732
  1368
  9107
  2691
  2538
  4161
   479
  7676
  7895
  4267
  7929
  7393
   381
  6485
  3760
  3220
  3572
  4912
  6561
  6092
  7184
  4368
  9367
  7575
  2099
  2915
  5077
  7823
  8931
   586
  8057
    84
  6833
  2817
  9161
  7376
  2996
  9697
  6714
  4893
  1214
  8161
  3557
    47
  9647
  4931
  5581
  2790
  6574
  5091
  8663
  2711
  9706
  1169
  4587
  8188
  1533
   305
  4937
  2378
  3688
  1203
  2780
   349
  9819
  1125
  9382
  1013
  8049
  9951
   502
  8523
  2812
  3136
  7350
  3426
  8804
  6147
  1463
  8810
  2631
  2483
  2690
   188
  9637
  7698
  2597
  3842
  1610
  6098
  9618
  1636
  1238
  1231
  9407
  5764
  3878
  9548
  8586
  4964
  3946
  2751
  9857
  2361
  5120
   786
  5134
  9229
  4326
  3005
  5486
   989
  4809
  6738
  4733
  1004
  6974
   679
  4765
  8193
  7863
  8757
  2204
  2613
  9115
  7351
  5432
  4693
  7844
  6114
  5714
  2066
  6939
  9788
  3602
  6655
  7574
  6382
  8576
  9226
  1711
  9434
  2917
  4323
  1048
  6547
  9612
  2611
  8631
  2540
  6587
   729
  4960
   677
  1370
  4219
  7871
  3952
  6705
   867
   739
  6426
  8892
  9687
  6281
  5713
  2551
   141
  8767
  6216
  5735
  2228
  8920
  3340
   208
  6025
  3013
  8236
  3816
  1507
  8858
  9014
  1749
  3283
  7850
   496
  3019
  2662
  8377
  5114
  9119
   438
  4564
  5756
  4741
  7916
   910
  3432
  1564
  6424
  3724
  2485
  3925
  3353
  3260
  2888
  9901
  6496
  8728
  2286
  4250
   192
   294
  9207
  3764
  8000
  8643
  7486
  1879
  2182
  2482
  8736
  4165
  4605
  5873
  5574
  2796
  3810
  9436
  8072
   319
  9070
  2517
  5627
  9050
  1122
  8946
  7415
  5593
  8716
  8206
  6103
  2283
  3448
  3988
  6571
  7361
  7524
  4513
  9583
  5670
  5735
   996
  9152
  9738
  5436
  5655
  1759
  2590
  7246
  8392
  1809
   255
  4519
  8005
  5308
  3205
  6400
  1672
  4432
  1671
  3752
  4104
  6057
  8641
   938
  9493
  4766
  7664
  1614
  6313
  1423
  2781
  8068
  9064
  6435
  5374
  4797
  8309
  5288
  4189
  9935
  5312
  5242
  8556
   627
  3205
  8685
  3010
  1791
   709
  1305
  2668
  9889
   356
  6868
  4877
  2210
  6922
  6891
  9759
   793
   544
  2401
  2916
  1807
  9738
  5752
  1802
  9010
  9063
  7487
  6215
  3331
   741
   180
  4995
  4247
  9420
  5928
  7079
  3706
  6675
  4763
  8692
  6485
  5961
  9922
  6325
  7142
  2558
   700
  1074
  8223
  2261
  2637
  6253
  7833
  2542
  6628
  8488
   835
  3207
  4191
   685
  4121
  8025
  8346
  2756
  1185
  2524
  6469
  7866
  3174
  2032
  1502
  5976
  4874
  5399
  4492
  2756
    11
  1437
  3574
  2888
  1851
  1688
  4106
  1952
  6269
  5163
  8485
  9728
  3285
  1758
   428
  1253
  2813
  1638
   453
  9870
  1311
  2824
  2757
  2254
   640
   471
  5066
  7682
  1170
  2551
  3482
  7157
  9327
  6968
  9076
   995
  4534
   170
  8633
  2681
  5942
  9573
  3084
   579
  6928
  4692
  5900
  6602
  5183
  6994
  3152
  6663
  2420
  2745
  7953
  8681
  7929
  4126
  3078
  1614
  4009
    55
  1611
  5024
  8611
  2094
  2466
  7706
  9303
  6688
  3554
  9826
  8838
  7807
  5854
  2961
  6708
  9697
  2386
  6147
  5685
  8112
  9838
  1393
  2513
  7818
  3800
  8913
  1573
   816
  3772
   754
  2404
  6423
  6572
  3357
  4416
  3631
  8476
  2673
  5363
  1841
  6120
  1987
   912
  8036
  9302
  1854
  5347
  7527
   794
  5229
  6191
  1652
  6076
  3063
  8977
  9173
  2555
  7793
  4350
  2432
  7302
  8594
  5152
  5827
  1364
  6122
  6186
  2724
   651
  4779
  7528
  5866
  9492
  5749
  6311
  3124
  5091
    68
  4164
  6746
  1028
  8505
  2094
   530
  4104
  4013
  2424
  5132
  1673
   393
  3680
   848
  3325
  1696
  6667
  7780
  8883
  8237
  2065
  2517
  8598
  1043
    14
  6958
  5770
  1399
  2099
  7501
  2985
  6948
  4663
  6909
   752
  1154
  3168
  4531
  9014
  7697
  8375
  5350
  3378
  2658
  3933
  5219
  2970
  5478
  2903
  6382
  6141
  9587
  6948
  4705
   421
  2662
  1639
  3227
  9923
  1316
  8987
  6457
  7949
  7985
  1521
  5829
  2139
  9496
  2073
  3532
  5451
  3881
  8301
  6650
  6176
  6356
  3159
  7135
  6942
  7815
  7049
  9285
  3468
  5240
  4107
  2327
  8347
  1563
  6824
  1741
  7155
    97
  3074
  9815
  1846
  1442
  6759
  4735
  1925
  7586
  3614
  5071
  9657
  7485
  1287
  4501
  3317
  1643
  8771
  6134
  7165
  5362
  9127
  9346
  5396
  3080
  5008
  8757
  7056
  7271
  1293
  1074
  9990
  5406
  9254
  6757
  3707
  8257
   957
  2217
  3876
  2114
  4165
  3013
  6113
  9790
  2457
  5257
  7196
  9711
  8281
  3273
  2160
  4030
  8667
  8014
  3348
  4942
  3735
  4282
  5695
  1102
  4248
  2368
  8593
  8728
  4850
  5960
  4535
  5664
  5894
  7190
   451
  8907
  9442
  4231
  7419
  9035
  4907
  6077
  4671
  6270
  4982
  7027
  2938
  6389
  5668
   168
  8124
  9540
  8090
  5349
  1080
  4674
   369
  6328
  8304
  4172
   884
  1070
  8703
  2938
  2785
  9885
  1732
  9381
  4734
  7408
  7400
  4423
  3701
  2486
  3220
  3313
  1001
  1408
    66
  9277
  4596
  5354
   470
  8497
  4511
  3470
  1079
  6277
  9938
  3691
   630
  6079
  1211
   513
  7968
  5638
  3778
  6993
  6056
  4252
   601
  1910
  6827
  8418
  2076
  8737
   613
  3300
  7718
  2777
  9038
  3188
  3096
  2086
  7177
  3434
  8492
  1734
   208
  3100
  9914
  4834
  7495
  6102
  2510
   326
  9903
  1611
   250
  2826
  5999
  8354
   449
   739
  1727
  1279
  3580
  2619
  1547
   942
   216
  5276
   706
  1012
  9108
  5249
   300
  2219
  9089
   757
   167
  5809
  2031
  2858
  6816
  4012
  3234
  4258
  2611
  7076
  8080
  1117
  5419
  5797
  9494
  2153
   384
   425
   441
  2561
   252
  7312
  2978
  5030
  5660
  6049
  4347
  7801
  2108
  1168
  8910
  2969
  4947
  4153
  4807
  5248
  6045
  4761
  6559
  9091
  6151
  8649
  9284
  1102
  8049
  2758
  1712
  6861
  1935
  7510
  5853
  4204
   936
  2100
  1799
  1581
  4780
  2859
   992
  9387
  3088
  1266
  6846
  3416
  2654
  6785
   147
  7373
  1408
  9663
  9271
  4156
  3143
   809
  5309
  3875
   931
  4383
  5133
  9223
  4856
  5918
   385
  2281
  9090
  4061
  9699
  5692
  9352
  5381
  2948
  3865
  2545
   730
  5145
  2263
   891
  5577
  8297
  8780
  3381
   655
  9878
  3497
  7484
  4678
  9173
  7127
  2671
  9277
  9813
  2505
  9464
  8456
  8586
  6393
  5710
  3548
  7021
  1766
   767
  1712
  8180
   303
  9965
  5856
   262
  9988
  8009
    41
  6018
   539
  7785
  2344
  9271
  1520
  8295
  6365
  1317
  4440
  7564
  4574
  9803
  4802
  5815
  9788
   775
  8209
  6569
  8639
  8277
  4446
  4429
  5162
  5973
  8477
  8074
  4039
  2102
  7757
  1766
  1824
  1297
  1812
  5855
  3551
  9550
  8954
  8490
  5594
  4652
  7427
  4038
  9208
  4043
  2665
  3524
  2624
  9127
  5858
   966
     6
  8851
  1846
  9075
  2094
  4850
  5610
  9482
  5424
  1940
  7222
  1008
  7074
  5509
  1743
  8205
  7631
  7225
     4
  9587
  9064
  3970
  3196
  1294
  9834
  7778
   680
  8348
  8180
  5391
  8068
  5777
  5801
   107
  5344
  3771
  3829
  2931
  3546
  2614
  3792
  5238
  3535
  1426
  2846
  1554
  6858
  4764
  3654
   533
  3209
  1474
   995
  9768
  4170
  3049
  9580
  3293
  7452
  8041
  8178
  1389
  6925
  2236
  4094
  7619
  1872
   282
  7586
  1060
  8760
  7311
  5422
  1441
  9541
  3911
  2168
  3664
  7282
   453
  1673
  9416
  1838
  2927
  5664
  7765
  6371
  4874
  2232
  8738
  2836
  7656
  6453
  9125
  8524
  1640
  6486
  4841
  8438
  5685
  5292
  9972
  8025
  7306
  1560
  4424
  1757
  5465
  2182
  2980
  9409
  6091
  3033
  8483
  9806
   892
   573
   380
   820
   485
  2394
  7936
  1506
  9234
  4626
  6972
   743
  9547
  2164
  9663
  8247
   222
  2252
  7098
  1181
  3979
  7662
  6747
  6806
  4666
  7678
  1168
  8516
    86
   334
  6609
  4150
  4989
  1643
  5377
  9356
   507
  2695
  4622
  1407
  8634
  6659
  1596
  9811
  2973
  5207
  8100
  2736
  5284
   187
  9768
   230
  5570
  4229
   555
  1352
  4092
  1944
  5157
  7416
  3730
  7374
  8450
  1044
  8903
  7980
  1174
  5812
  6376
  6033
  7779
  2661
  5454
  1132
   890
  7297
  4857
  5488
  7435
  5023
  3288
  1336
  3512
  8210
   418
  8788
  3877
  1527
  7600
  9616
  1027
  8081
  4691
  5630
  8379
  9650
  7482
  5352
  1369
  5424
  7985
  1024
  9964
  2841
  7313
   697
  3112
  7005
  7769
   970
  8360
  1102
  3103
  1988
   232
   360
  5709
  4867
  4262
    28
  6282
   966
  2937
  7745
   945
  4787
  5784
  3137
  8417
  9230
  2816
  7703
  9269
  6051
  2895
   308
  6588
  1545
  2192
  6855
  3771
  5233
  5979
  6008
   193
  9810
  2754
  4773
  5695
  3764
  3596
  9653
   339
  7342
  4241
  6467
  7157
  2079
  9272
  4541
  3673
   989
  6852
  8411
  4740
  8439
  6335
  5670
  9542
  5104
  7476
  2951
  4885
  4439
  5179
  1926
  4747
  8771
  7998
  9369
  4760
  1466
  4450
  4190
  5714
  5769
  2325
  9672
  9772
  8605
  8906
  1100
  3088
  9120
  2993
  3353
  4846
  9067
  6271
  8964
  5529
  2473
   499
  5988
  4331
  7758
  1318
  4661
   133
  9592
  5705
  5432
  8529
  8909
  9330
  6653
   640
  7527
   981
  9276
   830
  1174
  3775
  6387
  7110
  3382
   667
  8182
  5039
  9224
  6772
     4
  7526
  3032
  9474
  6765
  9724
  3182
   579
   796
  3151
  4889
  6057
  9442
  2759
  2191
  6644
   865
  9762
  6675
  4723
  9629
  5811
  2209
  3665
  7369
  5788
  7484
  2935
  7649
   847
   191
    96
  3180
  8045
  7682
  4059
  9688
  2016
  5011
  2592
  8530
  2179
  4265
  1842
  1595
  6966
  9637
  4938
  8758
  6482
  4815
  4331
  1042
  9990
  8662
  3010
  4917
  1375
  8255
  6662
  3392
  8678
    88
  5593
  6527
  2168
  7867
  9630
  1010
  4301
  4306
  1841
  3608
  6730
  5274
  3015
  1875
  1208
  2496
  6550
    46
  1624
  1897
  9539
   136
  3729
  9260
   722
  8662
  1467
  1949
  2870
  1182
  6456
  1414
  3994
  4195
   422
  3008
  5211
  2537
  3259
  4875
  7618
    63
   843
  6609
  6698
  4812
  7624
  1669
  4652
   307
  7963
  3975
   272
  5617
  2070
  8249
  1978
  2983
  3693
  4043
  9462
  5630
  9825
  8798
  1265
  8549
  8904
  5612
  1260
  6868
  1927
  1506
  1056
  5961
  5649
  8649
  5583
  9197
  3979
  7198
  9824
  8606
  4505
  4023
   875
  6257
  9236
  5097
  4506
  4900
  1459
  9785
  7323
  3774
  7689
  4149
   779
  2904
  8370
  1314
  7703
  1916
  7533
  9596
  3534
  7807
  1687
  7350
  8535
  6672
  8030
  6591
  2189
  8614
  9862
  6777
  5497
    47
  5269
  6845
  9870
  5531
  6681
  2704
  9815
  6109
  5831
  1728
  9818
  4493
   424
  6353
  1470
  8348
  8509
  4179
  6100
  3135
  8467
  1423
  5163
  4193
   647
  1985
  3637
  5701
  9189
  7231
  5149
  4696
  8522
  6125
  5927
   285
  9157
  7373
  1709
  4569
  5771
  7317
  6249
  7594
  7445
  5128
  7379
  4571
  7527
  9767
  5806
  3319
  5845
  6517
  7611
   905
   335
  1308
  1654
  5632
  9966
  5235
  1125
  5546
  7889
  4403
  8386
   434
   396
  5758
  1720
   433
  4504
  7696
  9640
  4688
  6404
  8321
  8798
  5761
  5478
   198
  4863
  6045
  8051
    35
  7843
  7892
  3868
  5365
  3529
  9061
  1853
  5061
  3448
  4992
  2428
  6423
  6295
  5302
  2399
  1128
  4126
  4921
  1021
  5546
  3558
  3148
  2065
  4051
  5512
  9917
  4651
  3502
  2693
  8634
  4051
  4395
   953
  2469
  7272
  3779
  2808
   759
  3188
  6699
  9565
  4485
  6652
   253
  3736
  7297
  8868
  8084
    94
  7130
   809
  7298
  2473
  5228
  3906
  1206
  2924
   916
  9693
  5684
  3128
  2461
  7168
  3008
  3823
  4185
  7069
  4343
  3000
  8223
  3104
  4886
  3777
  2548
  7829
  6695
   453
  7832
  4049
  6733
  2843
  6689
  4715
  5300
  5364
  7388
  7164
  7628
  7705
  8253
  5173
  8604
  6806
  1211
  3725
  3010
  1714
  8705
  5168
  8978
  2021
  2839
  6457
  3132
  6553
  5349
  6934
  9177
  8191
  8358
  7802
  2366
   350
  6309
  8619
  3107
  8655
  7786
  6719
  4880
  1016
  9517
  4920
  5727
  1765
  6483
   929
  8735
  9835
  8337
  9561
  1988
  4130
  6091
  2897
  3137
  3492
  8557
  6002
  8522
  7967
  8749
   736
  9494
  6505
   502
  8945
  8178
  8574
  6769
  8826
   339
  1122
  9951
  3410
  8758
  8824
  6894
  5204
  3944
  2344
  8701
  9269
  9757
    67
  8406
  2559
  7452
  7937
  1466
  5241
  9074
  3606
  9734
  3735
  5594
  4349
  4966
  7090
  4554
  6924
  8414
  2190
   594
  1306
  5934
  5150
  4046
  1760
  8217
  6313
  4785
  5195
  1202
  7554
  2151
  4149
  3730
  1438
  8321
  4997
  8777
  9876
  2107
  4034
  8677
  1586
  5870
  9718
  3769
  6638
  9572
  5047
  9103
   548
  9485
   125
   320
  2294
  6313
  1120
  2791
  8992
  3116
  9025
  5275
  2613
  8076
  5974
  7166
  9101
  2756
  7197
  5780
  7639
  1384
  4238
  6269
  1386
  8814
   755
  6992
    48
  7706
  4794
  5542
   477
  6840
  8096
  1411
    78
   866
  8904
  3057
  1082
  4883
  4181
  5857
  4153
  2661
  1338
  4049
  9659
  1699
  2265
  7899
   753
  4007
  7648
  9710
  4804
  7208
  1117
  3491
  6884
  4969
   421
  7491
  6023
   264
  7889
  3090
  9927
  2782
  8766
  1428
    21
  5080
  1745
  7170
  9337
  7087
  3298
  7145
  8429
  9820
  5995
  6494
  5170
  3609
  2913
  3185
  4558
  7367
   327
  4714
  9080
  4630
  1607
  8767
  2696
  4517
   578
  4499
  1780
  6257
  5186
  3799
  5772
  9529
  6551
  6312
   546
  3248
   844
  9390
  9455
   421
  1695
  6593
  4549
  1126
  2857
  7535
  1755
    39
  8746
  4980
  6621
  6573
   184
  5047
   223
  5516
  1364
  9250
  6957
  6339
  1066
  8440
  7515
  6846
  7065
  7919
  5194
   856
  2541
  3970
   724
  1311
    81
  2307
  2051
  9738
  1540
  1884
  5093
  4121
  9839
   262
  6493
  4079
  2804
  2116
  5207
  3571
  4562
  9640
  5953
  9538
  8073
  3460
  8239
   574
  1676
   217
  2823
  7815
  7125
  4162
  4609
   822
  1876
  7528
  2482
  7376
  6896
  2989
  4731
  1016
  9465
  9141
  8497
  6867
  9092
  7732
  8375
  8949
  2803
  8018
  9445
  4141
  1823
  6882
  3290
   296
  7413
    32
  7169
  4363
  6820
  8699
  1632
  4394
  1150
   171
  9269
  2919
  1968
  2301
  1574
  9820
   237
  4616
  4083
  5599
  5582
  4169
  4932
  1067
  1409
   420
   815
  3914
  7511
  2567
  2368
  3985
  4917
  2895
  8530
  3176
  4371
  8958
  4543
   247
  2896
  9204
  4559
  2382
  4161
  7967
  4213
  2608
  6295
   242
  6789
  7014
  1966
  2031
   381
  7197
  7470
  5170
  7289
  2337
  7798
  2337
  4614
  2334
   682
  6007
  1714
  9950
   434
    91
  3423
  5159
  4923
  2485
   636
  6354
   609
  9847
  9022
   589
  8389
  2472
   846
  9681
  2740
  5995
  9348
  5583
  9277
  8081
  5449
  9782
   906
  2920
   541
  5474
  6881
  4336
  2492
  1690
  6491
  3712
   819
  9352
  6518
  1362
  1061
  8118
  5648
  3716
  5729
  6226
  8086
  9005
  2617
  4293
  2163
  5787
  8527
   406
  4557
  5818
  1981
  4281
  2641
  7331
  2574
   406
  9800
  9702
  4924
  6281
  1475
   370
  5116
  3210
  1663
  7383
  2405
  9293
  4027
  8107
  6987
  3688
  4888
  8355
  6612
  5949
    51
  7997
  8921
  6671
  7348
  6375
  7415
  1204
  9452
  6256
  6307
  7750
  7725
  7753
  3305
  6272
  9582
  6404
  8554
  3187
  4122
  5211
  2835
  7344
   230
  9755
   826
  9820
  3891
  7822
  2235
  7392
  9870
  8401
   440
  7231
  8657
  2888
  5503
  9292
  5139
  2771
  2648
  6389
  1815
  9408
  1132
  1156
  4582
  3079
    52
  9889
  4579
  3596
  9420
   485
  1497
  6399
  2690
   564
  3157
  9758
  5883
  2721
  1817
  4311
  1981
  5251
  2301
  9908
  4385
  1183
  1926
  9820
  9938
  1082
  1856
  9526
  2587
  8024
  9487
  1841
  5423
  6470
  5638
  4429
  8444
  2221
  2726
  5356
  8792
  1825
  2632
   374
  9167
  8808
  9646
  5887
  8344
  9310
  6853
  1047
    35
  6237
  3252
  2711
  3722
  2464
  4624
  5463
  1365
  7184
  2293
  1814
  5916
  1860
  4271
  7248
  4573
   434
  4231
  7430
  8829
  8443
  6144
  1502
  7548
  2420
  8892
  7528
  3468
  8465
  5074
  8148
   106
  5398
  6168
  5470
  4022
  7487
  1105
  3637
  2509
  4643
  5784
  4020
  2293
  5137
  1882
  1701
  8097
  2169
  3274
  7759
  3124
  5334
  6674
  9861
  9791
     8
   746
  4480
  4417
  1032
  2750
   864
  6950
  5356
  9588
   288
  8186
  4353
   694
  9578
  1965
  8676
   119
  2861
  2230
  7205
  2221
  7451
  5264
  9952
  2485
  1492
  7516
  2446
   608
  6758
  4583
  8172
  4887
  1778
  3187
  9322
  2817
  2238
  8509
  1422
  8361
  2698
  8814
  9488
  9511
   343
   475
   909
  5857
  7909
  5309
  7095
  1498
  5644
  3784
  9414
  8029
  2996
  5206
  5729
  7419
  6731
  1717
  8541
  3950
  4279
  8361
  2346
  9864
  9611
  6878
  4340
   749
   256
  2095
   734
  6445
  1436
  5155
   323
  3743
  3365
  8078
  8353
  3325
  9742
  2191
  6344
  3524
  3871
  5627
  5424
  6660
  8690
  8986
  5965
   959
  4496
  2981
  7342
  8566
  9006
  3773
  2000
  9091
  4637
  2939
  8279
  9842
   395
  8477
  1271
  8904
  3425
   373
  7599
  8834
  1911
  4236
  5296
  9502
  5564
   459
  2091
  7960
  2396
  3011
  2915
  2397
   191
   636
  6819
  5918
  4719
  9569
  1751
  4280
  1704
  6319
  1493
  9795
  5567
  5928
  2056
  9094
  9078
  4954
  7867
  8646
  2342
  6334
  7653
  1944
  1022
  5205
  2020
  3214
  9965
  5990
  1592
   588
  6447
  3156
  5302
  8009
  5281
  7370
  3875
  2335
  8812
   231
  9071
  9130
  5914
  9002
  6020
  9108
  8802
  1250
  5822
   387
  8062
  1508
  2552
  8582
  7957
  7981
  4368
   795
  4682
  4977
  2213
  9349
  1459
  8173
  3340
  4213
  4898
  6211
  5255
  7700
  4006
  6961
  5135
  2844
  7678
   556
  7701
  5706
   155
  4076
  7842
  2778
  5577
   750
  3697
  1373
  4978
  3318
  2377
  2307
   618
  2099
  2160
  7836
  8355
  2986
  8992
  9381
  2475
  1298
  1032
  3399
  2468
  9223
  8666
  3924
   544
  8850
  1470
   929
  7036
  8259
  4988
  3948
  6116
  8020
  4605
  7908
  9295
  6192
  2289
  2954
   438
   845
  4100
   206
  9822
  4648
  2096
  4838
  4468
  9232
  1715
  5941
   562
  2325
   193
  5534
  4464
   377
   296
  6191
  2586
  6069
  4387
  3605
   685
  7704
  6419
  3206
   915
  4816
  8066
  7977
  9266
  3626
  9582
  5019
  6278
  1041
  8463
   712
  2654
  5270
  1118
  1737
  3692
  3780
  6221
  3265
  7735
   921
  6644
  4907
  3212
  6024
  7000
  1635
  8370
  6630
  3811
   930
  3262
  2647
  9108
  7947
   740
  8731
  5281
   840
  6095
   702
   127
  6327
  4112
  1701
   555
  6908
  8273
  7048
  4993
  9750
   323
  3379
  9955
  6476
  5113
  6849
  3721
  9800
  5869
  3658
  8214
  1353
  7162
  1896
  4716
   824
  7224
  3931
  7107
  6062
  4949
  3619
  8656
  9424
  3265
  4443
  7034
  2802
  5015
  8384
  9821
  5442
  2261
  3131
  9909
  5792
  9120
  7873
  3814
  3599
  8463
  3744
  3573
  1716
  8799
  1400
   965
  6633
  9950
  1829
  8442
  6155
  7750
  8488
    65
  7956
  6219
  2731
  3408
  2885
  2904
  4894
  3369
  7648
  5996
  4529
  8735
  3500
  3317
  9711
   993
  7186
  3360
  1419
  8585
  2264
  5475
  3348
  8611
  1968
  4556
  2557
  1238
  3091
  9767
  7201
  2237
  7908
  9343
  7524
  3950
  5441
  6900
  5925
  1157
  9485
    17
  7677
  8189
  7967
  2555
   719
  2629
  3736
  6070
   776
   874
  5388
  1384
   842
   144
  2530
  3922
   527
  1000
  5729
  1852
  8535
  8580
  9190
  4792
  1221
  4875
  3340
  4440
  5089
  6681
  6289
  9837
  7444
  1114
  2980
  5843
  8526
  2365
  9965
    17
  1564
  5556
  5900
  4744
  4939
  5951
  9061
  4841
   547
  5250
  9698
  5903
  5665
  1496
  6057
  2016
  4303
  8918
  8392
  5826
  6596
  1365
  5746
  5010
   364
  7860
  8357
  4074
  4960
   811
   954
  8705
  3640
   291
  1959
  2300
  2725
  6146
   585
  1128
  3685
  5716
  1387
  7730
  9285
  7129
  4742
  5555
  9712
  1103
   947
   482
  5249
  9847
  4376
   811
  7335
  1874
  4248
  4050
  8612
  9038
  9126
  3152
  8712
  2033
  7380
  5819
   248
  8607
  1916
  7475
  1628
  4984
  4954
  7030
  1229
  6640
  1233
   839
   397
  8630
  4028
  9284
  5549
    13
   594
  4089
  9368
    47
   671
  7022
  1016
   849
   885
  7915
  4303
  3095
  8206
  5732
  2791
  3856
  9743
  4739
  2375
  6865
  7298
  4091
  7069
  9750
  4650
  2096
  6921
  7559
  1199
  7574
  1846
  5466
  4903
   651
  5424
  6476
  7084
   904
  6313
  2647
    54
  4626
  5807
  8311
  4584
  2591
  6242
  6169
  8557
   275
  1768
  7867
  3343
  7744
  2449
   213
  2965
  1090
  6440
  6536
  5138
  5430
  5644
  6872
  4786
   778
  6543
  3897
  3673
  4349
  5640
   821
  7702
  2097
  1286
  9731
  6758
  5577
  3710
  4385
  2721
   792
  7626
  3897
  5860
  5420
  8245
  2805
  2387
  7058
  3137
  1225
  6625
  7012
  9623
  7147
  7146
  8704
  6953
  6256
  2327
  2672
  5906
  2304
  7056
  4862
  9486
  6690
  8387
   220
  6064
  7738
  9845
  1817
  1627
  7551
  9572
  1409
  8212
   562
    43
  5534
  2816
  7350
  9407
  4352
  1782
  9690
  2065
  8871
  1477
  8558
   889
  1606
  8499
   371
  7250
  1594
  8845
   694
   391
  5299
  2609
  9698
  5102
  4552
  7476
  7714
  6183
  4676
   855
  6903
    87
  8473
  1436
  6443
  9449
  2291
  1795
  7095
  1436
  3092
  8101
  8334
  3973
  2205
  5446
  7639
  3859
  1196
  2374
  7715
   169
   425
    43
  2936
  8629
  1510
  4677
  5081
  9773
  9446
  3667
  2380
  5751
  1073
  7066
  2352
  1712
  7664
  4858
   816
  4383
  5251
  1455
  1066
  5051
  6479
  7818
  8403
  4328
  1133
  1044
  4619
  2051
  4329
  3001
  4842
  6473
  8374
  9699
  2038
  3745
  5316
  4119
  2836
  8904
  6041
  9519
  6537
  4748
  2882
  1635
  7811
  5458
  5086
  7751
  7555
  8725
   996
  8301
  5839
  7242
   865
  3194
  4166
  9525
  9544
  1715
  7546
   581
  4701
  6473
   345
   646
  6394
  6143
  3142
  6861
  2056
  5478
   413
  7884
  1640
  7296
   777
  2468
  4025
  1257
  5951
  9864
  8981
  5701
  6161
  7138
  9609
  6433
   413
  3635
  8092
  5886
  3290
  1661
  8831
  3987
  9069
  3974
  8249
   606
  5586
  8068
  8447
  3586
   536
  8253
  8916
  8208
  7777
  9072
  3748
  1772
  2665
  9897
  1477
  8212
  6885
  5287
  4703
  5395
  5149
  2436
  2921
  3209
  6365
  2587
  8930
  5954
  3558
  1434
  4022
  8117
    37
  1053
  5708
  5469
  3191
  9481
  5875
  8105
  6275
  6263
   629
  1874
  1784
  5376
  5045
   779
  1187
   638
  5958
  8955
  6204
  9716
  8114
  7979
  3589
  7482
   910
  7709
  7529
  2611
  5005
  5688
  8150
  6022
  5175
  9386
  3177
   528
  7079
  5736
  3751
  2318
  4526
  9136
  3162
  7555
  1884
  4626
  1726
  3204
  2546
  3506
   144
  2778
  6828
  4148
  6298
  7288
  8840
  7993
  4246
   428
  6160
  9670
  7023
  1670
  1435
  5996
  6764
  3682
  9009
  9944
  8321
  5891
  9784
  9617
  9751
  9442
  8333
  2312
  3694
  9094
  5483
  7466
  7376
  2015
  6697
  1661
  1939
  2374
  6720
  3084
  6905
  9670
  1549
  7508
  8938
  4783
  5367
  9894
  8976
   184
  7814
  6657
  7731
  7480
  9571
  7252
  6465
  5893
  4280
  4986
  3664
  8402
  3680
  5526
  4162
  1779
  1869
  8948
  1757
  9859
   955
  2065
  4123
  8588
  5775
  8436
  4215
  2976
   153
  7913
  1128
  7891
  7354
  8275
  2888
  2493
  7491
   824
  3366
  1818
  3529
  8081
  1994
  4603
  2189
  7020
  9265
   635
  9225
  4384
   819
  4602
  3592
  7449
   112
  3109
  7555
  9896
   246
   529
   513
  8351
   658
  5502
  9474
  1038
  4383
    48
  1918
  6815
  8562
   233
  2340
  7331
  7737
  6474
  2613
  9389
  5916
  7086
  5827
  4484
  4427
  6246
  4525
  3231
  1635
   121
  1405
  9102
  8945
   132
  6124
  9811
   548
  8389
  1521
  3054
  8603
  3189
  7998
  5238
  4238
  1169
  4000
  9944
  3619
  2623
  3134
  4336
  1546
  6571
  4634
  1259
   681
  7526
  6140
  5830
  9676
  2281
  5717
  7198
  5690
  5858
  7816
  1337
  1678
  2362
  8200
  6029
  1102
  4686
  1214
  8883
  6511
  9924
  3771
  3500
   624
  8130
  8199
  9601
  9214
  2680
  2910
  1983
  9833
  5671
  3972
  4849
  1498
  7796
  5163
  2548
  6332
  3438
  8034
  8423
  6733
   195
  2125
   213
  6366
  5437
  9046
  6200
  2349
  2085
  3763
  8670
   144
  6739
  3992
  1087
  5594
  9139
  6509
  3298
  7340
  7632
  4097
  6170
  9438
   678
  1175
   333
  5742
  7515
   777
  6469
  6566
  5268
  8894
  7300
  2859
  9623
  8020
  6759
  1505
  5943
  7517
  7768
  9342
  6779
  9265
  7014
  3253
  6769
  3539
  3147
  4608
    90
  3710
    60
  1428
   928
  9096
  4359
  7755
  9436
  2469
  5041
  2249
   377
  4949
  8703
  5590
  9135
  2632
  6680
  3722
  1497
  3230
  9091
   641
  9289
  8810
  9404
  5373
    24
   129
   239
  2096
  9087
  6645
  5503
  8371
  8926
  3005
  7802
  4906
  4315
  7886
   642
  9482
  3947
  8865
  6948
  3046
  9727
  4882
  5808
  4286
  6288
  5599
  5744
  1797
  8460
  5180
  5349
  5638
  1843
  8173
  2763
  6948
  8843
  4950
  4089
  9452
  8668
  9155
  1883
  8475
  7787
   534
   666
  7467
  8812
  8061
  6151
  9449
  8665
  5925
  1963
  9811
  8029
  9593
   504
  7009
  9553
  6889
  4465
  5181
  1719
  6664
  8141
  9673
  2333
  4597
  2149
  5675
  5593
  5785
  3738
  2619
   428
  2230
  5015
   371
  2422
  1560
  5315
  4557
  9736
  7921
  6255
  9152
  6842
  5992
  7804
  2295
  4680
   897
  5424
  2065
  8510
  4450
   345
  6848
  8083
  1359
  4520
  2445
  2386
  5126
  3950
  9911
  8903
  9813
  6591
   935
  9966
  3393
  1987
  6276
  5105
  3388
  6039
  3969
  8737
  4165
  9617
   958
  1495
  3711
  3994
  1171
  5853
  6898
  3735
  6141
  4779
  5866
  1005
  6574
  5423
  7399
  6094
   705
  1702
  3238
  7937
  9624
  3265
  2937
  6324
   752
   499
  4975
  7572
  6605
  9798
  7760
    39
  9510
  9536
  2542
  5215
  9927
  5839
  9182
  1987
  5659
  7845
  5282
  5179
  8062
  3451
  6230
  5864
  5934
  2160
  4327
  8850
  8245
  7252
  4622
  3468
  4961
  2663
  7332
   828
  5839
   711
  6108
  3749
   331
  7456
  3379
  6538
  4434
   746
  6646
  3990
   852
  5337
  3707
  6199
  8208
  5031
  3370
   534
  4963
  2391
  2263
  1277
   101
  9221
  4357
  8549
  2956
   918
  8918
  7881
  6694
  4929
  9968
  9913
  9552
  7946
  9344
  1151
  7166
  8103
  9616
  2217
  7124
  2165
  4135
  2231
  9068
   324
  3522
  2179
  2507
  7272
  4600
   680
  2095
  6538
  4378
  7283
  5139
  1458
  8485
  4680
    50
  4246
  4620
  1963
  9454
  6456
  4660
  4343
  5841
  7662
  3251
  3857
   742
  3508
  8950
  4412
  3740
  7783
  4514
  7280
  1730
  4443
   697
  6555
  3282
  1878
  4685
   356
  1589
  6109
  2405
  4395
  4544
   311
  6810
  3236
  9453
  4591
  9880
   481
  6460
  5998
  4884
   943
  7764
  4207
  5771
  3725
  4406
  8267
  8336
  5783
  7937
  4202
  2857
  6243
  8439
  2909
  9340
  3676
  1014
  1292
  5165
  1096
  7986
  5943
  8470
    37
  5529
  4719
  9686
  4476
   147
  9474
   112
  7334
  2576
  1235
  9062
   105
  1996
  9123
  1964
  6628
  8719
  9432
  2693
  8796
  4612
  4206
  4722
  4644
  3822
  4163
  3895
   633
  6579
  6197
  5612
  9440
  8352
  1488
  8387
  3074
  4595
  1554
  6354
  9955
  1435
  1910
  4431
  5968
  7350
  3424
   445
  5392
  3501
  7001
  8395
  4428
  6569
  4806
  8834
  4199
  9829
  6279
  6550
  8697
   791
  1084
  4500
  9817
  4550
  4135
  3368
  5522
  6884
   726
  6018
  9537
  2322
  5965
  6288
  4946
   457
  2991
  4454
  4578
  9300
  3395
  1966
  8760
  3202
  3123
  5982
  6910
   173
  1843
  1843
  2049
  9257
  8918
  3997
  7180
  4801
  2459
  3661
  8061
  2732
  6735
  1565
   309
  4664
  1023
  5705
  5313
  8919
  4279
  9268
  3554
  9373
  6971
  8933
  2087
  9310
  1192
  3409
  4893
  7726
  3217
   741
  6826
  4182
  1566
  4083
  6116
  3083
  9550
  3967
  7583
  8382
   666
  8055
  3980
  7994
  2492
  2143
  3291
  3834
  3349
  6807
  2374
  6840
  6750
  9821
   751
  5966
  1737
  7024
  6429
  7640
  2023
  8953
  9450
  2060
  2418
   708
  2513
  9664
  2898
  3177
  5271
  7259
     8
  3774
  5671
  3937
  7991
  7552
  7300
  4515
   118
  2879
  7476
  2993
  5094
  8097
  8186
  4741
  9779
  7730
  1645
  5858
   171
  8243
  6295
  2673
  9994
  7586
  7931
  4008
  2793
    69
   389
  8188
  7940
  4121
  6367
  1329
  8851
   137
  1468
  6624
  3359
   923
  7489
  1743
  7869
  4392
  5120
  1212
  9078
  1237
  7506
  1086
  1090
  2932
    18
  1721
  3866
  1885
  9036
  9678
  7536
   105
   889
  6174
  5881
  5838
  4104
  2585
  1990
   565
  3089
  3844
   331
  5567
   300
  2648
  1241
    52
   419
  5570
  2903
  1509
  6440
  2729
  9001
  2224
  3030
  7785
  5926
  7772
  4336
  3683
  1060
  3649
  1592
  7432
   684
  3826
  8301
  7344
   589
  6450
  5186
  9903
  1123
  6484
  6239
  6008
  7180
  8849
  8383
  4876
  8302
   853
  7125
  8610
  9523
  9272
  8217
   459
  1982
  8065
  8521
  5330
   476
  7393
  7013
  2150
  9969
  7444
  3605
  4910
  2300
  7190
   112
  3097
  4647
  6253
   940
   292
  3362
  4886
  5833
  3616
  9594
  1887
  9000
  8203
  8239
   961
  1910
  3247
  7426
  8630
   707
  2380
  6513
    83
  9095
  3183
  9079
  8479
  7540
   955
  7148
  2116
  2087
  3027
  1795
  8741
  1440
  1587
  2271
  2411
  4800
   849
  8652
  2037
  7587
  4410
  1143
  1191
  8236
  3372
  6890
  7516
  6905
  8583
  5244
  3180
  6510
  5813
  6348
  9271
  9169
   489
  8650
  1157
  5782
  4047
  7041
  4583
   795
  1689
  2765
  7046
  9562
  4513
  6576
  7520
  9061
   819
  9411
  8283
  1143
  7019
  3281
  7290
  5528
  4855
  6537
  3585
  5935
  2767
  8012
  6779
  2975
  4270
  9686
  6555
  1118
   989
  7671
  3299
   437
  2443
    15
  4101
  8234
  7667
  3071
  6658
  3260
  4400
  4169
  6431
  9746
  7005
  2100
  6656
  1768
  6115
  1677
  4701
  1650
  7044
  1914
  4573
  9985
  4482
  1150
  7394
  4476
  7321
  9171
  5100
  7188
   266
  9173
  3784
  6744
  5626
  2292
  9754
  2388
  7022
  9719
  2419
  2040
  7665
  4066
  4923
  7321
  3544
  5807
  7424
  2036
   826
  4990
  6178
  4448
  5457
   124
  2528
  3935
   689
  9460
  3131
  8890
  4564
  6972
  8117
  5958
  1676
  9251
  6021
  7620
  1037
  2869
  1627
  3964
  7071
  8981
  2095
  9126
  1544
  2649
  9276
   332
  2489
  9377
  6807
  6320
  6050
   350
  7721
   750
  5655
  6726
  7264
  5521
   531
  9836
  8838
  3945
  3666
  1400
  7053
  3630
  6989
    62
    56
  3062
  4483
  2419
  5181
  6609
   176
  4742
   785
   713
  1744
  6940
  9239
  7808
  3896
   515
  4863
   735
  6407
  7541
  8063
  3366
  5194
  4397
  4597
  4808
  3320
  5426
  5829
  7340
  9819
  9764
   872
  1984
  1102
  2745
  8235
  5560
  5716
  9693
  5533
  5700
  8799
  7587
  9492
  3416
  1489
   682
   991
  6896
  1669
  3635
  8957
  2730
  7360
   584
  4253
   582
  8035
  8725
  2846
  4673
  1432
   149
  9464
  5435
  2319
  1322
  8843
  2778
  1193
  7654
  4093
  4320
   364
  3803
  8050
  7675
  6197
  6700
  7908
  3335
  5531
  8632
  6277
  6477
  5684
  3691
  4531
   935
  7299
  7893
  8849
  7381
  4195
  6008
  8048
  7416
  7489
  7506
  7434
  7860
  5245
  6230
  5301
  2961
   327
  3947
  1630
  9269
  3728
  7336
  3540
  6775
  7325
  2655
  4992
  2624
  7450
  3474
  1866
  2019
   125
   801
  8911
  8898
  3810
  4079
  8474
  8804
  2675
  2715
  3767
  6341
  1823
  4943
  2632
  2795
  9255
  9418
  6009
  3790
  5968
  1382
  1762
  5554
  6257
  5178
  5650
  1574
  4125
  6604
  7509
  8017
  4191
  5458
  5269
  9235
  3398
  4756
  4559
  9564
   586
   894
  8484
  6110
  5887
  1070
  1035
  8443
  1007
  4019
  4583
  5066
  3098
  2903
  5288
  4803
  9291
  4822
   695
  6337
  9860
  4954
  7422
  3470
  5616
  8450
  3394
  3631
  6979
  9568
  8187
  1580
  9236
  8065
   321
  9532
  1840
   300
  5195
   792
  4164
  2380
  3301
  6839
  4462
  3108
  3101
  1695
  6651
  9614
  2506
  9996
  7751
  4425
  6738
  9765
  3480
  3735
  6998
  7108
  9153
  4858
  5585
  8779
  9135
  9046
  2708
  1710
   179
  4892
  6513
  6297
   305
  5672
  9404
  2668
  6442
  3484
  4177
  4594
  9261
  6096
  6283
  6796
  6130
  6438
  7270
  1022
  2759
  1611
  8262
  1749
  8343
   526
  3894
  6066
  9178
  1179
  9703
  5848
    61
  8603
  5493
   288
  6976
  5733
  1518
  6733
  6008
  1595
  7201
  1415
  5981
  8736
  8701
  8970
  4414
  4096
  3738
  1441
  2336
  6137
  9747
  6964
   839
  4406
  2307
  9689
  9210
  8696
  4239
  4997
  1346
  9396
  2285
  3647
   958
  2866
   997
  6229
  8311
   294
  9961
  1105
   623
  3763
  2869
  8936
  7042
  3360
  2322
  8278
  9244
  2377
   817
  5717
  4785
  1245
  4609
  6869
   911
  1706
   229
  2187
  8170
  7693
  8680
  2067
  6183
  6928
  7960
  4337
  7696
  9227
  7611
  9178
  3814
  8509
  9982
  2396
  6149
  2847
  5946
  7240
  2993
  3153
  4798
  6527
  4624
  3005
  4386
  8904
  3620
  7118
  2921
  4032
  6824
  8768
  9119
  1272
  7403
  8464
  9699
   119
  7436
  8154
  2062
  2123
  1816
  2652
  9138
  4700
  4113
  3632
   966
  2871
  4439
  4561
  4040
   122
  1000
  8595
  2104
  1738
  7389
   268
  5928
  5654
  2170
  9931
  3669
  3326
  7277
  4571
  3630
  7758
  4874
   708
  8316
  2165
  2981
  8194
  8176
  2184
  1840
  1268
  5822
  5438
  6095
  3499
  8172
  8719
  5182
  8305
  2904
  3326
  8984
  1999
  7401
  3282
  3321
  5009
  5635
  7590
  1940
  8059
  8911
  1328
  5108
    94
  5795
  4839
  2748
  4013
  7684
  9465
   492
  5891
  1743
   492
  9433
  2135
  7343
  9765
  1716
  6509
  7526
  5774
  1986
  3801
   265
  5440
  4444
   212
  1200
  2636
  1369
  6384
  8901
  8835
  9181
  3732
  6033
  8971
  4682
  6074
  4005
  8170
    79
  8382
  6313
  1157
  2713
  9812
  4292
  1770
  7948
  9098
  3718
  3939
   243
  2510
  3329
   991
  4522
  9955
  4553
  8927
  7247
  4463
  3124
   165
  7261
  3197
  8365
  6208
  5507
  2142
  4255
  4643
  4649
  9341
   195
  1025
  7112
   313
  7707
  6370
  2326
  6305
   389
  1175
  8753
  2025
  9623
  8385
  5925
   733
  6464
  8321
  8052
  3998
  6955
  4847
  1000
   757
  6241
  9473
  4042
  3105
   370
  1347
  9193
  4108
   903
  7173
  6592
  1124
  9880
  7651
  8700
  3028
  3626
  6430
  2792
  2466
   644
  3013
  9339
  8957
  4862
  1251
  4689
  5175
  9957
  7599
  9519
  6304
   151
  1413
  1313
   874
  8847
  1313
  7185
  8080
   292
  1267
  2696
  4406
  6725
  6239
  2374
  9387
  4149
  9413
  4430
   137
  4978
   589
  2260
  7281
  8241
  8255
  3316
  5450
   775
  7896
  8783
  5148
  2342
  8764
  4999
  1012
  2454
   616
  8834
   424
  1200
  9556
  1216
  5872
  8892
  8584
  2826
  3804
  6519
  5074
  5434
  5599
  1698
  7025
  3237
  5447
  4344
  7835
  6352
  9750
  3661
  7652
  1136
  7810
  9817
  1343
  1128
  7922
  4739
  4758
  1638
  5502
  6891
  6312
  5576
  6933
  2269
  4856
  9391
  5276
  5768
  9022
  9008
  8647
  6684
  8335
  9544
  5898
  5994
  1243
  3266
  3270
  6288
  9817
  7168
  9796
  8054
  6244
  1093
  6424
  7354
  3439
  2608
  5456
  2317
   420
  5050
   953
  2696
  6136
  5574
  2808
  3477
  8032
  8601
  9102
  9729
  2041
  5123
  5953
  1065
  2474
   329
   881
  5020
  1235
  2332
  2880
   885
  2250
  3269
  1358
  3180
  9744
    57
  5737
  4219
  3104
  5269
  7099
  7420
  1583
  8071
   747
  2575
  7136
   278
  1712
  7357
  4908
  5274
  1634
  9603
  7956
  6064
  6341
  1488
  7697
  3602
  4631
  1801
  9731
  6237
   125
  1589
  1810
  6745
  6691
  1269
  1383
  5520
  8539
  6834
  2784
  2322
  1728
  9365
  8124
  7774
    95
  2331
  8769
  7772
  9620
  9118
  4266
  6261
  1416
  1930
    38
  5309
  9581
  6208
  4464
  2692
  7275
  6557
  3395
  8405
  7221
  3131
  8438
  2235
  5619
  4669
  1459
  1393
  5001
  3073
  9171
  1416
  1910
  2206
  5842
  4692
  7408
  5617
  7147
  4556
   546
  5347
  6494
  8489
  1130
  9815
  7967
   104
  7512
  5384
  5818
  3801
  6745
  4887
  8735
  1759
  7712
  7728
  7381
  7211
  2664
  5436
  5732
  1646
  3252
  6463
  4536
  5491
  9444
  3244
    75
  5907
  8623
  7762
  1071
  8563
  5583
  3224
  1053
  5579
  8850
  9737
  3213
  7229
  5695
  7979
   179
  3344
  7954
  3256
  4217
  6913
  2741
  3432
  8851
  3081
  2012
  1050
  9190
  6818
  3029
  4660
  2049
  1179
  4511
  1874
  7173
  8469
   970
  7606
  7896
  4825
  5823
  2025
  2243
  3593
  9341
  5925
  5172
   796
  6299
  4409
  4398
  2685
  3831
  3402
   334
  2912
  7320
  7376
  3152
  5043
  6871
  6899
  4767
  9070
  4312
   268
  9131
  2838
  7702
  5943
  6305
  1947
   229
  2825
  6191
  3281
  5063
  9029
  1110
  2867
  9088
  4750
  5909
  9852
  3484
  5633
  1801
  2883
   779
  8732
  2431
   679
  7010
  4031
  7223
  1573
  9363
  6898
  6262
  2267
  9216
  3283
  9231
  3469
  8377
  8684
  8412
  6031
  2585
  5310
  1738
  1493
  8841
  4375
  3354
  5949
  2599
  7956
  5022
  1803
  4950
  9885
  7746
  7982
  2418
  2417
  5435
  7069
  7351
  6483
  8301
   199
  5030
  7463
   201
  7878
  5070
  3821
  5363
  9337
  6312
  2035
  4142
  9112
  4771
  2903
  2906
  9429
  2047
  2509
  2243
  8665
  4982
   983
  3646
  1798
  1845
  4532
  9836
  4916
  2808
  3107
  4289
  1694
  2276
  7800
  8796
  6561
  6237
  2491
  9643
   632
  2096
  9389
  6227
  1491
   161
  4239
  1007
  5335
  5543
  8504
  4017
  7371
  8583
  9391
  5956
  9529
  3613
  8099
  1283
  3446
  2977
  1164
  8582
  3287
  1310
  7727
  2398
  7063
   246
  1534
  3628
  6607
  9824
   232
   691
  6566
  4999
  6738
  5840
  8558
  6302
  6096
  8007
  6444
  9118
  5239
  8066
  1278
  6393
   243
  5229
  8566
  8775
  6422
  1137
  2542
  1198
  1783
   745
   975
  1381
  3257
   588
  8157
  8531
  9835
  9184
  3714
  2923
  5763
  9226
   689
  9793
  2423
  3042
   367
  7820
  6840
  1375
  1408
  7037
  6093
  5870
  1092
  6241
   186
  4652
  1251
  2357
  6295
  6946
  6444
  3008
  4280
  4376
  6138
  7374
  6216
  2198
  1216
  8862
  2314
  2856
  7819
  2852
  8740
  8710
  1352
  8006
   362
  5806
  1912
  5315
  7592
  3010
  2780
  9359
  4920
  2348
  1904
   115
   651
  2029
  5556
  5092
   698
  7091
  2812
  8499
  4087
  6457
  6929
   373
  9677
  1756
  8267
  8238
  3811
  4262
  1795
  4024
  7187
  2068
  2425
  5372
  2072
   248
  4666
  7102
  8341
   924
  4860
  4888
  7416
  6684
  3384
  9648
  3187
  6664
  1060
  5342
  8737
  5593
  3136
  3719
  1722
  7994
  3845
  7624
  6804
  6175
  3079
  9041
    92
  8652
  7223
  3727
  1297
  5005
   842
  2604
  3435
  8207
  5810
   183
  5370
  9245
  6085
   107
  4936
  7012
  3359
   225
  2789
  4644
  9992
  2662
  6218
   356
  1672
  9443
  1926
   627
  2106
  7008
  5471
  4128
  9653
  6750
  2102
  9409
  1109
  4230
   730
  6517
  3565
  4892
  8647
   273
  2217
  9733
  8858
  1543
  4832
  2295
  2287
  4856
  4920
  6047
  8842
  3343
  9098
  5246
   835
  5352
   780
   776
  4303
  1627
  5177
  3311
  6489
  1068
  7649
  5858
  3821
   684
  3788
  2676
   294
  6704
  6825
  9002
  9396
  6131
  8306
  3482
  8989
  1471
  1370
  6803
  4065
  5586
  6728
  8788
  1691
  2470
  2975
  2231
  3963
  9087
  6396
  1811
   868
  5539
   557
  3278
  2240
  5055
  6639
  4005
  3936
  2036
  9739
  5705
  5342
  2251
  8416
  5909
  6900
  1150
  7300
  9321
  6904
  6336
  1332
  4139
  7528
  1368
  1815
  6170
  1884
  3959
  7283
  2261
  8827
  9131
  5763
  1623
  1213
   507
  4412
  3877
  9619
  3490
  1681
  8699
   593
  3458
  8513
  2213
   922
  7602
   562
  2447
   931
  1364
  3188
  6652
  2663
  1506
  7540
  1352
  9170
  4831
  6441
  8913
  4151
  7694
  9383
  8724
   468
  4576
   885
  7382
  9482
  8085
  7693
  9699
  6723
  4301
  6053
  3522
  3800
  7144
  8696
  7386
  8617
  3273
  9858
  7485
  7133
  7233
  1309
  4333
  6710
  6927
  6770
  8598
  3210
  2250
  1976
  2010
  5988
  7996
  5276
  7802
    40
  9313
  1003
  3639
  3187
  2653
  7308
   148
  4694
  3995
  8255
  9349
  3774
  5704
  2665
  1441
  4631
   996
  7538
  7706
  4370
  9607
   627
  5286
  4324
  7125
  6439
  3820
  7173
  2595
  6694
  7646
   803
  6345
  8903
  8455
   638
  1275
  9852
  2459
  1350
   461
  8515
  6582
  2920
  5220
  6934
  8642
  7326
  2783
  9910
  1707
   345
  3658
  6134
  9210
  4652
   210
  8178
  9682
  1373
  7541
  7504
   243
     2
  1165
  7086
  1779
   152
  3517
   603
  3316
  8375
  8071
  7956
  5338
  2383
  3089
  5093
  7044
  7637
  1894
  4437
  3948
  1272
  5399
  4628
  2563
  1144
  9060
  4679
   800
   736
  9942
  8998
  2292
  5617
   494
  9709
  9916
  9279
  7423
  9471
  5884
  7398
  3857
  2569
  5259
  5853
  1365
  6981
  6099
  5266
  5327
  3373
  4985
  9157
  7138
  4117
  9870
   511
  5750
  2388
   141
  9606
  1870
  6067
  1684
  4426
  6374
  2739
  4676
    35
   844
   328
  9331
  3874
  5403
  4961
  5457
  2577
  6257
  8233
  6499
  5370
  4862
  8719
  2778
  8410
  4634
  1736
  2539
  8901
  1221
  7185
  8317
  7185
  5273
  3345
  2687
  1632
  5617
  6665
  4413
  9652
  9078
  4179
  9085
  5403
  1363
  8947
  7475
  7110
   737
  7178
  1084
  3066
  7848
  6760
  7274
  6512
  7628
  9741
  8265
  1514
  8778
  3784
  3141
  7073
  8767
  8457
  7522
  1019
  3596
  3323
  4895
  9557
  5433
  4281
  5883
  4819
    57
  6186
   953
  1410
  4291
  1329
  5372
  3069
   763
  5975
  5104
  9923
  4918
  7864
  2820
  8254
  3960
  6888
  4194
  7058
  1039
    95
   962
  5344
  7101
  7500
  6683
  7572
  4454
  5798
   530
   678
  9322
  1732
  7247
  2236
  5650
  9822
  8068
  7427
  3190
   723
  6318
   304
  3688
  6514
  8994
  9203
  7365
  9466
  9102
   540
   629
  2909
  4818
   622
  8629
  3777
  5872
  8734
  1907
  9894
  6637
  6637
  4819
  3130
  7143
  3719
  6289
   832
  1953
  1499
   154
   329
  6639
  5865
  5986
  6809
  8283
  8117
  3611
  8496
  2730
  5914
   769
  1929
  5388
  8648
  8800
  8333
  2131
  1286
  1147
  6490
  5442
  9211
   622
  7336
  4027
  2986
  7011
  2620
  9644
  6974
  6158
  5345
  6807
  6726
  4436
  3377
  3563
  4861
  3112
  8660
  7676
  8783
  7244
  2568
   260
   253
  5455
  1812
   330
  1306
  8066
  8984
  6574
  8502
  7385
  5102
  8474
  6225
  1897
  5617
  3951
  4644
  7556
  5252
  9826
  8511
  7162
  4480
  5896
  2135
  9080
  7525
  3633
  6871
  1773
  1682
   613
  2132
  6084
  2840
  3076
  1315
  4410
  3925
  7293
  8280
   514
  2131
  2939
  8290
  6514
  5114
  6221
  6622
   118
  6583
  7580
  5657
  2731
  2237
  9453
  4539
  5165
  9656
  1354
   186
  1679
  5914
  9302
  7805
  4032
  7848
  2096
  9721
  1468
   633
  1886
  1748
  7956
  3462
  4019
  1015
  1332
  2326
  5363
  4623
  8938
  6477
  9428
  6670
  5042
  3680
   305
  5269
  9373
  2418
  9841
  7167
  5286
  7757
  7358
  3533
  3433
  4463
     0
  9153
  2851
  6587
  7296
  6128
  9887
  8896
  9238
  7473
  6959
  9895
  1386
  8727
  6063
  4378
  3842
  7359
  7366
  6112
  2471
  8735
  3148
  6621
  2874
  2436
  2839
  8910
  9704
  7183
  4389
  8661
  6789
  6264
  8444
  5038
  4138
  7986
  7352
  2006
  5209
  3307
  8446
   737
  1356
  6495
  3785
  7499
  3720
  9384
  3067
   458
  3003
  2947
   637
  1971
  2533
  3188
  8957
  9948
  6601
  9133
  1447
   221
  3298
  3986
  5776
  2757
  7578
  1399
  3721
  3639
  1363
  4557
  9952
  1867
  6820
  4839
  2289
   414
  7457
  2522
  3956
  6335
  6710
   983
  6230
  5873
  4386
  2225
  9385
  3472
  5058
   585
  5154
  6420
  2374
  9230
  1637
  5129
  4359
  2959
  5385
  7158
  7903
  9207
  4639
  6664
  8935
  5881
   176
  6137
  4725
  6844
  6482
   341
  7515
  2248
  9902
  8723
  2047
  5636
  6978
  7676
  9092
  7839
  7635
  7667
  3520
  8894
  2944
  3364
  5504
  3059
  1622
  5134
  4506
  6863
  5463
  5477
  6612
   429
  2720
  4620
  7271
  4271
  5937
  7029
  9124
  2147
  5544
  6281
  9360
   836
  6811
  6906
  6523
  4527
  4454
  6089
  4941
   706
  5544
  9289
  2407
  7559
  4010
  7899
   117
  9795
  5317
  4174
  4832
  8253
  9610
  5613
  5147
    14
  6322
  2017
  2498
  9419
  3517
  6746
  4681
  6681
  2369
  4907
  6414
  5732
  3354
  9819
  3929
  6398
  9606
  4931
  1994
  3767
  8825
  7128
  2447
  7058
  3333
  5980
   520
  2075
  1434
  6167
  6248
  4726
  5378
  9175
  3110
  1796
  8953
  8511
  9496
  3394
   243
  4374
  7565
  4852
  6614
  2707
  2842
  9694
  5622
  5496
   360
  5042
  5175
  3302
  7776
  1364
  4538
  6108
  5491
  7098
  5482
  7703
  5474
  1032
     5
  2343
  4498
  9601
  9116
    54
  8200
  7738
  9220
  3490
  1836
  3469
  9649
  7334
  6571
  2946
  4295
  3705
   866
  2103
  1602
  2176
  8099
  5002
  9846
   774
  1553
  6868
  5282
  6826
  4654
  9892
  1251
  5108
  1163
  2573
  6663
   643
  5972
  7288
  1887
  2150
  1273
  9816
  7681
  3604
  1777
  2116
  2466
  4434
  4798
  6795
  1731
  4239
  9069
  7416
  2598
  8144
  7053
   654
  5626
  5149
  3682
  7113
  8097
  9681
  8243
   731
  4959
  1370
  7069
  1135
  3273
   871
  5202
  7247
  7129
   827
  2714
  7354
  9307
  4585
  7872
  4559
  3143
  6758
  9130
  2321
   132
  5780
  5987
  3328
  3647
  6905
  5967
  3424
  8500
  4889
  2060
  5787
  4847
  8447
  5760
  7034
  3930
  5418
  5361
  6779
  1687
   553
  7060
  3391
  4952
  5541
  2659
  3864
  4380
  3847
  5152
   356
  5540
  7513
  1933
  8734
  8097
  2831
  2046
  5736
  1764
   538
   138
  1930
  5989
  6327
  3481
  4437
  6268
  4053
  9985
  2756
  3210
  1248
  2917
  9146
  6261
  8066
  1843
  2740
  7657
  1162
  8633
  3837
  2220
  6027
  2585
  1912
  1552
  8670
  3173
  4460
  1292
  6752
  1786
  2267
  9823
   526
  3735
  9630
  4910
   117
  5759
  3106
  9457
  8770
  1053
  7751
  8196
  5145
  6205
  9451
  2748
  3203
  1007
  2993
  3753
  1938
  1207
  7668
  6561
  3639
  1086
  8496
  8978
  4447
  8451
  3156
  1548
    93
  7292
  9834
  1516
  6687
  1927
  3659
  7512
  1618
  6980
  5493
   765
  4275
  3214
  7579
  2152
  3443
  9482
   281
  3258
   835
  3710
  9410
  6763
  7645
  6932
  5291
  2347
  9761
  1275
  1342
  1585
  7974
   468
  2847
  9034
  9849
  9829
   843
  2937
  8042
  2707
  8558
  7393
  6826
  7127
  3961
  3220
  6766
  7902
  9002
  2124
  5861
  7964
    45
  6809
  6597
  6282
  8416
  3581
  7707
  9718
  9212
  6420
  2584
  6971
  7463
  9743
  9331
  5262
  5903
  3489
  7082
  5719
  8732
  1297
  3898
  7139
  6990
  1349
  1194
  6568
  1222
  8117
  6227
  5769
  5890
  7357
  2526
  2865
  3709
  3587
  5353
  6812
  7254
   804
  1650
  4768
  6996
  2163
   114
  4154
  2421
  1421
