  0  35
  1  49
  2  76
  3   6
  4  79
  5  59
  6  88
  7  59
  8  86
  9  45
 10   6
 11  47
 12  79
 13  21
 14  99
 15  91
 16   3
 17  58
 18  22
 19  56
 20  89
 21  50
 22  80
 23   3
 24  14
 25  55
 26  57
 27  15
 28  26
 29   9
 30  53
 31  63
 32   4
 33  99
 34  19
 35  24
 36   5
 37   4
 38  31
 39  48
 40  82
 41  18
 42  52
 43  41
 44  78
 45  79
 46  37
 47  99
 48  91
 49  43
 50  70
 51  69
 52  53
 53  63
 54   9
 55  75
 56  90
 57  61
 58  39
 59  33
 60  44
 61   5
 62  45
 63  42
 64   0
 65  55
 66  55
 67 100
 68  29
 69  45
 70  79
 71  83
 72  17
 73  51
 74  83
 75  74
 76   0
 77  11
 78  50
 79  49
 80  65
 81  64
 82  84
 83  93
 84  68
 85  27
 86  45
 87  70
 88  48
 89  40
 90  77
 91  26
 92  22
 93  16
 94  47
 95  70
 96  74
 97  35
 98  39
 99  77
100  66
101  81
102  43
103   6
104  77
105  17
106  95
107  65
108  89
109  47
110  47
111  24
112  19
113  19
114  90
115  59
116   3
117  47
118  38
119  42
120  61
121  64
122  83
123   4
124  24
125  16
126   5
127  64
128  32
129  68
130  92
131  17
132  13
133  96
134  35
135  91
136  88
137   1
138  16
139  36
140  79
141   6
142  84
143  16
144  23
145  78
146  60
147  15
148  81
149  52
150  73
151  75
152  51
153  54
154  91
155  73
156  15
157  11
158   5
159  11
160  96
161  76
162  15
163   2
164  56
165  58
166  12
167  89
168  27
169  74
170  83
171  55
172  52
173  68
174   0
175  25
176  37
177  24
178  48
179  22
180  82
181  56
182  48
183  77
184  38
185  15
186  85
187  24
188  92
189  74
190   4
191   8
192  75
193  30
194   8
195  69
196  31
197  55
198  85
199  95
200  44
201  20
202  82
203  26
204  43
205  35
206  99
207  16
208  90
209  35
210  45
211  68
212  43
213  61
214  36
215  37
216  23
217  50
218  22
219  39
220  53
221  38
222  53
223  68
224  19
225  56
226  41
227  21
228  98
229   6
230  34
231  44
232  14
233  79
234  17
235   5
236  10
237  93
238  56
239  52
240  47
241  10
242   4
243  30
244  43
245  16
246  41
247  77
248  57
249  55
250  94
251  82
252  72
253  17
254  11
255  27
256  66
257  89
258  66
259  64
260  56
261  86
262  42
263  81
264  37
265  15
266  52
267  62
268   5
269  85
270  69
271  54
272  25
273  16
274  43
275  53
276  94
277   5
278  93
279  69
280  91
281  95
282  17
283   6
284   4
285  29
286  32
287   2
288  52
289  96
290  23
291  97
292  61
293  98
294  72
295  99
296  72
297  14
298  79
299  57
300  18
301  11
302  19
303   8
304  27
305   5
306  44
307   5
308  37
309   3
310  23
311  15
312  21
313 100
314  10
315  43
316  58
317  57
318   7
319   6
320  27
321  53
322  47
323  74
324  30
325  65
326  27
327  32
328  51
329  31
330  91
331  35
332  87
333  21
334  56
335  29
336  34
337  70
338  76
339   4
340  91
341   4
342  44
343  40
344  47
345  17
346  76
347   7
348  81
349   4
350  85
351  23
352  65
353  41
354  67
355  26
356  53
357  85
358  20
359  70
360   0
361  49
362  80
363  12
364  80
365  54
366  93
367  23
368  90
369  43
370  96
371  20
372  54
373  48
374  64
375  76
376   8
377   9
378  96
379  97
380  17
381  48
382  84
383  67
384  13
385  17
386  93
387  83
388  79
389  36
390  83
391  39
392   6
393   8
394  66
395  25
396  61
397  16
398  95
399  50
400  68
401  42
402   0
403  80
404  91
405  22
406  87
407  54
408  67
409  52
410  61
411  63
412  37
413  61
414  89
415  68
416  46
417  90
418  28
419  60
420  99
421  24
422  21
423  37
424  39
425  42
426  16
427  36
428  66
429  93
430  21
431  78
432  55
433  90
434   7
435  86
436  35
437  33
438  59
439  58
440  79
441   3
442  10
443  49
444  39
445  62
446  93
447  71
448  73
449  27
450  51
451  43
452   7
453  90
454  67
455   8
456  54
457  88
458  21
459  28
460   3
461  92
462   1
463  99
464  24
465  23
466  64
467  58
468  28
469   7
470  22
471  86
472  84
473  53
474  91
475  36
476  34
477  66
478  84
479  99
480  23
481  53
482  97
483   2
484  17
485  33
486  38
487  14
488  57
489  71
490  70
491   5
492  42
493  92
494  74
495  25
496  27
497  73
498  79
499  57
500  88
501  80
502  93
503  11
504  28
505  23
506  26
507  88
508  21
509  29
510  27
511  84
512  81
513  88
514  17
515  91
516  65
517   6
518  23
519  51
520 100
521  25
522  22
523  54
524  32
525   3
526  51
527  61
528  86
529  46
530  80
531  30
532  78
533  34
534  28
535  75
536  56
537   7
538   2
539  15
540  23
541  42
542   6
543  83
544  48
545  59
546   0
547  84
548  89
549  34
550  79
551  76
552  95
553  32
554  95
555  95
556  95
557  96
558   9
559  54
560  88
561  53
562  62
563  65
564  45
565  17
566   1
567  23
568  54
569  86
570  65
571   0
572   3
573  78
574  75
575  25
576  87
577  71
578  25
579  76
580  14
581  97
582  86
583  60
584  27
585  38
586  34
587  54
588  55
589  46
590  20
591   7
592  68
593  24
594  36
595  75
596  33
597  85
598  28
599  43
600  48
601  63
602   3
603  15
604  29
605  56
606  92
607  27
608  27
609  44
610  85
611   2
612  98
613  93
614  18
615  33
616  37
617  29
618  43
619  37
620  28
621  91
622  20
623  93
624  60
625  36
626  47
627  71
628  28
629  40
630   7
631   8
632  24
633  44
634  34
635  20
636 100
637  73
638  29
639  33
640  69
641  82
642  22
643  91
644  61
645  79
646  81
647  60
648  72
649  76
650  97
651  42
652  92
653  84
654  23
655  20
656  85
657  62
658  31
659  68
660  36
661  79
662  82
663  57
664  14
665  21
666  82
667  73
668  63
669  39
670  42
671  64
672  24
673  47
674  14
675  72
676  34
677  88
678  47
679  81
680  31
681  92
682   4
683  59
684  79
685  69
686  33
687  38
688  20
689  28
690  54
691  21
692  48
693  52
694  39
695  50
696  65
697  71
698  75
699  35
700  56
701  66
702  11
703  88
704   8
705  72
706   8
707  22
708  13
709  49
710  30
711  54
712   4
713  17
714  16
715  51
716  65
717  40
718  66
719  35
720  38
721  61
722  60
723  89
724  48
725  56
726  78
727  10
728  70
729   1
730  61
731  35
732  87
733  53
734  60
735  91
736  82
737  45
738  55
739  79
740  69
741  56
742  68
743  43
744  21
745   6
746  70
747  55
748  55
749  63
750  17
751  16
752   6
753  15
754  21
755  88
756  31
757  80
758  66
759  86
760  98
761  82
762  79
763  13
764  25
765  39
766  65
767   6
768  52
769  69
770  44
771  36
772   0
773  81
774  49
775  12
776  39
777  49
778  46
779   8
780  72
781  25
782  52
783  93
784  50
785  39
786  97
787  28
788  11
789   6
790  71
791  69
792  53
793  49
794  71
795  57
796   0
797  55
798  34
799  84
800  61
801  82
802  22
803  22
804  80
805  90
806 100
807  36
808  36
809 100
810  77
811  47
812  92
813  41
814  59
815   5
816  27
817  74
818  32
819  48
820  48
821  85
822  29
823   6
824  83
825  12
826  81
827  18
828  84
829  97
830   2
831  80
832  23
833  26
834  41
835  15
836  34
837  98
838  67
839  45
840  17
841  51
842   6
843  82
844  22
845  26
846  97
847  25
848  59
849  89
850  29
851  75
852  69
853  64
854  74
855  42
856  71
857  45
858  63
859  88
860  69
861  29
862  54
863  85
864  81
865   3
866  85
867   5
868   5
869  49
870  48
871  79
872  48
873   3
874  32
875  56
876  42
877   6
878  85
879  56
880  50
881  80
882  21
883  80
884  32
885  71
886  89
887  99
888  46
889  47
890  61
891  47
892  11
893  35
894  56
895  46
896  17
897  44
898  46
899  46
900  91
901  59
902  63
903  83
904   7
905  19
906   2
907   7
908  17
909  25
910   3
911  27
912  60
913  84
914  11
915  46
916  59
917  36
918  83
919  36
920   7
921  22
922  34
923  12
924  62
925  65
926  31
927  75
928  79
929  10
930  75
931  33
932   1
933  31
934   7
935  59
936  53
937  45
938   7
939  44
940  26
941  76
942  62
943  18
944  46
945  32
946  37
947   9
948   4
949  48
950  25
951  36
952  32
953  60
954  22
955  35
956  38
957  89
958  82
959  24
960  69
961  51
962  72
963   3
964  27
965  66
966  51
967  63
968  89
969  20
970  26
971  49
972  55
973  86
974  57
975  15
976  87
977  22
978  74
979  56
980  72
981  72
982  21
983  73
984  12
985  11
986  11
987   9
988  66
989  63
990  34
991  21
992  30
993  86
994  68
995  94
996  72
997  92
998 100
999  64
