  0  99
  1  77
  2   2
  3  56
  4  81
  5  88
  6  40
  7  97
  8  39
  9  70
 10  77
 11  89
 12  59
 13  92
 14  20
 15  54
 16   9
 17  85
 18  76
 19   7
 20   6
 21  73
 22  99
 23   1
 24  94
 25  93
 26  73
 27  21
 28  55
 29  66
 30  83
 31  33
 32  81
 33  55
 34  25
 35  18
 36   7
 37  36
 38  22
 39   7
 40  39
 41  38
 42  29
 43  72
 44  36
 45  85
 46  23
 47  24
 48  93
 49  74
 50  53
 51  29
 52  41
 53  42
 54   5
 55  19
 56  75
 57  26
 58  27
 59  95
 60  57
 61  25
 62  72
 63  98
 64  86
 65   3
 66  65
 67  44
 68  88
 69  67
 70  74
 71  30
 72  96
 73  23
 74  42
 75   0
 76   5
 77   5
 78  99
 79  81
 80  96
 81   6
 82  17
 83  62
 84  46
 85  54
 86  56
 87  24
 88  48
 89  28
 90  44
 91  90
 92  96
 93  97
 94  85
 95   9
 96  63
 97  91
 98  29
 99  20
